0 0.433594 0.203125 0.429688 0.207031 0.421875 0.207031 0.410156 0.218750 0.406250 0.218750 0.394531 0.234375 0.390625 0.250000 0.386719 0.253906 0.386719 0.281250 0.398438 0.304688 0.417969 0.320312 0.433594 0.324219 0.437500 0.328125 0.464844 0.328125 0.488281 0.316406 0.507812 0.292969 0.507812 0.281250 0.511719 0.277344 0.511719 0.250000 0.507812 0.246094 0.507812 0.238281 0.496094 0.226562 0.496094 0.222656 0.492188 0.222656 0.476562 0.207031 0.464844 0.207031 0.460938 0.203125
0 0.488281 0.761719 0.476562 0.761719 0.453125 0.769531 0.425781 0.796875 0.410156 0.832031 0.410156 0.886719 0.425781 0.917969 0.457031 0.933594 0.468750 0.933594 0.492188 0.925781 0.519531 0.898438 0.535156 0.863281 0.535156 0.808594 0.531250 0.796875 0.507812 0.769531
0 0.828125 0.503906 0.804688 0.515625 0.785156 0.535156 0.773438 0.558594 0.765625 0.585938 0.765625 0.636719 0.777344 0.667969 0.796875 0.695312 0.820312 0.707031 0.843750 0.707031 0.871094 0.691406 0.886719 0.675781 0.898438 0.652344 0.906250 0.625000 0.906250 0.578125 0.898438 0.550781 0.878906 0.519531 0.847656 0.503906
0 0.804688 0.082031 0.792969 0.089844 0.785156 0.089844 0.765625 0.113281 0.765625 0.121094 0.757812 0.132812 0.757812 0.144531 0.753906 0.148438 0.753906 0.187500 0.757812 0.191406 0.757812 0.203125 0.773438 0.230469 0.796875 0.246094 0.824219 0.246094 0.832031 0.238281 0.839844 0.238281 0.863281 0.207031 0.867188 0.183594 0.871094 0.179688 0.871094 0.144531 0.867188 0.140625 0.867188 0.125000 0.863281 0.117188 0.835938 0.085938 0.828125 0.082031
0 0.289062 0.742188 0.269531 0.750000 0.238281 0.773438 0.222656 0.808594 0.222656 0.847656 0.230469 0.859375 0.230469 0.867188 0.250000 0.890625 0.285156 0.906250 0.308594 0.906250 0.339844 0.894531 0.363281 0.875000 0.378906 0.839844 0.378906 0.804688 0.375000 0.800781 0.375000 0.789062 0.351562 0.757812 0.332031 0.746094
0 0.164062 0.593750 0.164062 0.625000 0.171875 0.640625 0.191406 0.660156 0.191406 0.664062 0.199219 0.664062 0.207031 0.671875 0.238281 0.683594 0.265625 0.683594 0.269531 0.679688 0.281250 0.679688 0.300781 0.667969 0.312500 0.648438 0.312500 0.617188 0.308594 0.613281 0.308594 0.605469 0.285156 0.578125 0.253906 0.562500 0.238281 0.562500 0.234375 0.558594 0.210938 0.558594 0.207031 0.562500 0.195312 0.562500 0.187500 0.570312 0.179688 0.570312
0 0.625000 0.218750 0.621094 0.222656 0.605469 0.226562 0.582031 0.250000 0.578125 0.257812 0.578125 0.269531 0.574219 0.273438 0.574219 0.289062 0.582031 0.304688 0.597656 0.320312 0.613281 0.328125 0.652344 0.328125 0.667969 0.320312 0.691406 0.296875 0.695312 0.281250 0.699219 0.277344 0.699219 0.257812 0.691406 0.242188 0.675781 0.226562 0.660156 0.218750
0 0.878906 0.683594 0.871094 0.683594 0.855469 0.675781 0.832031 0.675781 0.828125 0.679688 0.816406 0.679688 0.800781 0.687500 0.773438 0.718750 0.765625 0.738281 0.765625 0.769531 0.769531 0.773438 0.769531 0.781250 0.789062 0.804688 0.800781 0.812500 0.812500 0.812500 0.816406 0.816406 0.839844 0.816406 0.843750 0.812500 0.863281 0.808594 0.894531 0.781250 0.906250 0.757812 0.906250 0.722656 0.902344 0.718750 0.902344 0.710938
0 0.816406 0.824219 0.816406 0.851562 0.824219 0.867188 0.863281 0.902344 0.871094 0.902344 0.898438 0.914062 0.945312 0.914062 0.968750 0.902344 0.980469 0.886719 0.980469 0.859375 0.972656 0.843750 0.933594 0.808594 0.925781 0.808594 0.898438 0.796875 0.851562 0.796875 0.839844 0.804688 0.832031 0.804688
0 0.507812 0.093750 0.488281 0.085938 0.468750 0.085938 0.464844 0.089844 0.453125 0.089844 0.445312 0.097656 0.437500 0.097656 0.425781 0.105469 0.394531 0.140625 0.390625 0.164062 0.386719 0.167969 0.390625 0.195312 0.406250 0.210938 0.421875 0.218750 0.445312 0.218750 0.449219 0.214844 0.468750 0.210938 0.488281 0.199219 0.519531 0.164062 0.523438 0.140625 0.527344 0.136719 0.527344 0.121094 0.519531 0.105469
0 0.355469 0.496094 0.355469 0.503906 0.367188 0.515625 0.382812 0.523438 0.410156 0.527344 0.414062 0.531250 0.433594 0.531250 0.437500 0.535156 0.507812 0.535156 0.511719 0.531250 0.539062 0.527344 0.558594 0.511719 0.558594 0.503906 0.546875 0.492188 0.531250 0.484375 0.519531 0.484375 0.500000 0.476562 0.484375 0.476562 0.480469 0.472656 0.406250 0.472656 0.402344 0.476562 0.375000 0.480469
0 0.171875 0.257812 0.125000 0.257812 0.101562 0.269531 0.085938 0.285156 0.074219 0.308594 0.074219 0.355469 0.082031 0.371094 0.117188 0.398438 0.140625 0.398438 0.144531 0.402344 0.148438 0.398438 0.171875 0.394531 0.191406 0.382812 0.210938 0.355469 0.214844 0.332031 0.218750 0.328125 0.214844 0.324219 0.214844 0.300781 0.195312 0.273438
0 0.515625 0.320312 0.496094 0.300781 0.476562 0.292969 0.425781 0.292969 0.421875 0.296875 0.410156 0.296875 0.394531 0.304688 0.363281 0.332031 0.355469 0.351562 0.355469 0.363281 0.359375 0.367188 0.359375 0.375000 0.378906 0.394531 0.398438 0.402344 0.449219 0.402344 0.453125 0.398438 0.464844 0.398438 0.472656 0.390625 0.488281 0.386719 0.511719 0.363281 0.519531 0.343750
0 0.316406 0.417969 0.312500 0.421875 0.292969 0.425781 0.269531 0.445312 0.269531 0.453125 0.261719 0.460938 0.261719 0.468750 0.257812 0.472656 0.257812 0.500000 0.265625 0.519531 0.296875 0.546875 0.308594 0.546875 0.312500 0.550781 0.343750 0.550781 0.363281 0.542969 0.386719 0.523438 0.398438 0.496094 0.398438 0.468750 0.390625 0.457031 0.390625 0.449219 0.359375 0.421875 0.347656 0.421875 0.343750 0.417969
0 0.664062 0.718750 0.656250 0.722656 0.656250 0.726562 0.648438 0.734375 0.648438 0.746094 0.644531 0.750000 0.644531 0.816406 0.648438 0.820312 0.648438 0.832031 0.652344 0.835938 0.656250 0.855469 0.664062 0.863281 0.667969 0.875000 0.671875 0.875000 0.679688 0.882812 0.687500 0.882812 0.695312 0.878906 0.707031 0.855469 0.707031 0.785156 0.703125 0.781250 0.703125 0.769531 0.691406 0.746094 0.691406 0.738281 0.683594 0.730469 0.683594 0.726562 0.679688 0.726562 0.671875 0.718750
0 0.125000 0.531250 0.117188 0.535156 0.105469 0.535156 0.089844 0.542969 0.078125 0.554688 0.078125 0.558594 0.070312 0.562500 0.066406 0.574219 0.058594 0.582031 0.058594 0.593750 0.054688 0.597656 0.054688 0.644531 0.058594 0.648438 0.058594 0.656250 0.085938 0.683594 0.093750 0.683594 0.097656 0.687500 0.109375 0.687500 0.136719 0.675781 0.156250 0.656250 0.171875 0.625000 0.171875 0.574219 0.167969 0.570312 0.167969 0.562500 0.152344 0.546875 0.152344 0.542969 0.140625 0.535156 0.128906 0.535156
0 0.652344 0.113281 0.617188 0.109375 0.582031 0.125000 0.578125 0.132812 0.558594 0.144531 0.539062 0.171875 0.519531 0.218750 0.519531 0.253906 0.523438 0.265625 0.542969 0.285156 0.550781 0.289062 0.589844 0.285156 0.632812 0.257812 0.644531 0.238281 0.652344 0.234375 0.675781 0.179688 0.675781 0.144531 0.671875 0.132812
0 0.144531 0.726562 0.113281 0.750000 0.101562 0.773438 0.097656 0.812500 0.109375 0.847656 0.132812 0.875000 0.167969 0.894531 0.210938 0.894531 0.222656 0.886719 0.230469 0.886719 0.250000 0.871094 0.265625 0.843750 0.269531 0.828125 0.269531 0.804688 0.257812 0.769531 0.230469 0.738281 0.199219 0.722656 0.156250 0.722656
0 0.574219 0.593750 0.558594 0.613281 0.554688 0.636719 0.558594 0.640625 0.562500 0.667969 0.585938 0.703125 0.601562 0.718750 0.613281 0.722656 0.617188 0.730469 0.625000 0.730469 0.648438 0.742188 0.683594 0.742188 0.695312 0.738281 0.710938 0.722656 0.718750 0.691406 0.714844 0.687500 0.710938 0.660156 0.687500 0.625000 0.656250 0.597656 0.648438 0.597656 0.625000 0.585938 0.589844 0.585938
0 0.613281 0.828125 0.609375 0.832031 0.601562 0.832031 0.578125 0.851562 0.566406 0.878906 0.566406 0.910156 0.574219 0.921875 0.574219 0.929688 0.605469 0.957031 0.613281 0.957031 0.617188 0.960938 0.644531 0.960938 0.667969 0.949219 0.687500 0.925781 0.687500 0.917969 0.691406 0.914062 0.691406 0.878906 0.679688 0.855469 0.652344 0.832031 0.644531 0.832031 0.640625 0.828125
0 0.433594 0.531250 0.425781 0.531250 0.421875 0.527344 0.406250 0.527344 0.402344 0.531250 0.382812 0.535156 0.375000 0.542969 0.371094 0.542969 0.347656 0.570312 0.347656 0.578125 0.343750 0.582031 0.343750 0.617188 0.347656 0.621094 0.347656 0.628906 0.363281 0.644531 0.378906 0.648438 0.382812 0.652344 0.414062 0.648438 0.421875 0.640625 0.429688 0.640625 0.457031 0.609375 0.457031 0.601562 0.460938 0.597656 0.460938 0.562500 0.457031 0.558594 0.457031 0.550781
0 0.300781 0.062500 0.292969 0.058594 0.261719 0.058594 0.246094 0.070312 0.242188 0.070312 0.222656 0.089844 0.222656 0.093750 0.210938 0.109375 0.210938 0.121094 0.207031 0.125000 0.207031 0.148438 0.214844 0.164062 0.222656 0.171875 0.230469 0.175781 0.261719 0.175781 0.277344 0.164062 0.289062 0.160156 0.304688 0.140625 0.312500 0.125000 0.312500 0.113281 0.316406 0.109375 0.316406 0.085938 0.308594 0.070312
0 0.921875 0.339844 0.906250 0.328125 0.898438 0.328125 0.894531 0.324219 0.871094 0.324219 0.867188 0.320312 0.800781 0.324219 0.796875 0.328125 0.765625 0.332031 0.726562 0.347656 0.714844 0.355469 0.710938 0.371094 0.726562 0.382812 0.734375 0.382812 0.738281 0.386719 0.761719 0.386719 0.765625 0.390625 0.828125 0.386719 0.832031 0.382812 0.851562 0.382812 0.855469 0.378906 0.867188 0.378906 0.871094 0.375000 0.890625 0.371094 0.917969 0.355469
0 0.718750 0.011719 0.714844 0.015625 0.695312 0.019531 0.671875 0.039062 0.671875 0.046875 0.664062 0.054688 0.664062 0.062500 0.660156 0.066406 0.660156 0.097656 0.667969 0.117188 0.687500 0.140625 0.695312 0.140625 0.703125 0.148438 0.710938 0.148438 0.714844 0.152344 0.746094 0.152344 0.765625 0.144531 0.789062 0.125000 0.800781 0.093750 0.800781 0.070312 0.796875 0.066406 0.792969 0.046875 0.773438 0.023438 0.742188 0.011719
0 0.101562 0.121094 0.089844 0.132812 0.085938 0.140625 0.085938 0.148438 0.082031 0.152344 0.082031 0.160156 0.085938 0.164062 0.085938 0.175781 0.113281 0.207031 0.121094 0.207031 0.132812 0.214844 0.175781 0.214844 0.199219 0.195312 0.203125 0.187500 0.203125 0.179688 0.207031 0.175781 0.203125 0.167969 0.203125 0.152344 0.175781 0.121094 0.167969 0.121094 0.156250 0.113281 0.117188 0.113281
0 0.507812 0.601562 0.496094 0.601562 0.496094 0.605469 0.480469 0.621094 0.457031 0.667969 0.457031 0.679688 0.445312 0.707031 0.445312 0.722656 0.441406 0.726562 0.441406 0.742188 0.437500 0.746094 0.437500 0.792969 0.445312 0.804688 0.457031 0.804688 0.457031 0.800781 0.472656 0.785156 0.496094 0.738281 0.496094 0.726562 0.507812 0.699219 0.507812 0.683594 0.511719 0.679688 0.511719 0.664062 0.515625 0.660156 0.515625 0.613281
0 0.109375 0.382812 0.085938 0.394531 0.066406 0.414062 0.050781 0.453125 0.050781 0.492188 0.066406 0.527344 0.082031 0.542969 0.105469 0.554688 0.132812 0.554688 0.156250 0.542969 0.175781 0.523438 0.191406 0.484375 0.191406 0.445312 0.175781 0.410156 0.164062 0.398438 0.132812 0.382812
0 0.746094 0.800781 0.742188 0.804688 0.738281 0.804688 0.722656 0.820312 0.722656 0.824219 0.718750 0.828125 0.718750 0.839844 0.722656 0.843750 0.722656 0.851562 0.738281 0.867188 0.746094 0.867188 0.750000 0.871094 0.769531 0.871094 0.773438 0.867188 0.777344 0.867188 0.781250 0.863281 0.785156 0.863281 0.785156 0.859375 0.792969 0.851562 0.792969 0.847656 0.796875 0.843750 0.796875 0.828125 0.792969 0.824219 0.792969 0.820312 0.781250 0.808594 0.777344 0.808594 0.765625 0.800781
0 0.281250 0.121094 0.261719 0.132812 0.246094 0.152344 0.246094 0.160156 0.242188 0.164062 0.242188 0.199219 0.246094 0.203125 0.246094 0.214844 0.257812 0.234375 0.281250 0.257812 0.308594 0.269531 0.332031 0.269531 0.335938 0.265625 0.343750 0.265625 0.367188 0.246094 0.375000 0.226562 0.375000 0.191406 0.371094 0.187500 0.367188 0.167969 0.335938 0.132812 0.308594 0.121094
0 0.339844 0.046875 0.328125 0.070312 0.332031 0.093750 0.335938 0.101562 0.355469 0.121094 0.371094 0.128906 0.378906 0.128906 0.382812 0.132812 0.421875 0.132812 0.433594 0.125000 0.441406 0.125000 0.460938 0.097656 0.460938 0.078125 0.453125 0.062500 0.433594 0.042969 0.417969 0.035156 0.410156 0.035156 0.406250 0.031250 0.367188 0.031250 0.363281 0.035156 0.347656 0.039062
0 0.734375 0.488281 0.726562 0.488281 0.718750 0.480469 0.707031 0.476562 0.683594 0.476562 0.679688 0.480469 0.667969 0.480469 0.628906 0.503906 0.605469 0.531250 0.605469 0.539062 0.597656 0.550781 0.593750 0.578125 0.601562 0.601562 0.625000 0.621094 0.636719 0.625000 0.660156 0.625000 0.699219 0.609375 0.718750 0.593750 0.738281 0.570312 0.750000 0.535156 0.746094 0.507812 0.738281 0.500000
0 0.558594 0.296875 0.542969 0.300781 0.542969 0.304688 0.531250 0.316406 0.531250 0.324219 0.519531 0.339844 0.519531 0.347656 0.515625 0.351562 0.515625 0.359375 0.503906 0.386719 0.503906 0.402344 0.500000 0.406250 0.500000 0.433594 0.496094 0.437500 0.496094 0.449219 0.500000 0.453125 0.500000 0.464844 0.503906 0.468750 0.519531 0.464844 0.519531 0.460938 0.531250 0.449219 0.535156 0.433594 0.542969 0.425781 0.542969 0.417969 0.546875 0.414062 0.546875 0.406250 0.558594 0.378906 0.558594 0.363281 0.562500 0.359375 0.562500 0.335938 0.566406 0.332031 0.566406 0.316406 0.562500 0.312500 0.562500 0.300781
