0 0.523438 0.511719 0.511719 0.523438 0.511719 0.531250 0.503906 0.546875 0.507812 0.554688 0.507812 0.570312 0.515625 0.585938 0.546875 0.613281 0.585938 0.621094 0.589844 0.617188 0.605469 0.617188 0.621094 0.609375 0.640625 0.585938 0.640625 0.574219 0.644531 0.570312 0.640625 0.562500 0.640625 0.546875 0.628906 0.527344 0.625000 0.527344 0.613281 0.511719 0.585938 0.500000 0.574219 0.500000 0.570312 0.496094 0.562500 0.496094 0.558594 0.500000 0.542969 0.500000
0 0.312500 0.457031 0.296875 0.457031 0.292969 0.460938 0.285156 0.460938 0.281250 0.464844 0.281250 0.468750 0.269531 0.480469 0.269531 0.484375 0.261719 0.492188 0.261719 0.496094 0.257812 0.500000 0.257812 0.531250 0.269531 0.542969 0.281250 0.542969 0.285156 0.539062 0.296875 0.535156 0.304688 0.527344 0.308594 0.515625 0.316406 0.507812 0.316406 0.503906 0.320312 0.500000 0.320312 0.468750
0 0.199219 0.644531 0.167969 0.644531 0.164062 0.648438 0.156250 0.648438 0.148438 0.652344 0.121094 0.679688 0.121094 0.687500 0.113281 0.699219 0.113281 0.730469 0.125000 0.750000 0.140625 0.765625 0.148438 0.765625 0.152344 0.769531 0.183594 0.769531 0.187500 0.765625 0.195312 0.765625 0.230469 0.734375 0.230469 0.726562 0.238281 0.710938 0.238281 0.683594 0.226562 0.664062 0.214844 0.652344
0 0.828125 0.632812 0.824219 0.636719 0.816406 0.636719 0.792969 0.660156 0.792969 0.664062 0.789062 0.667969 0.789062 0.675781 0.785156 0.679688 0.785156 0.691406 0.789062 0.695312 0.789062 0.703125 0.792969 0.707031 0.792969 0.710938 0.820312 0.734375 0.851562 0.734375 0.855469 0.730469 0.863281 0.730469 0.878906 0.718750 0.878906 0.714844 0.890625 0.699219 0.890625 0.691406 0.894531 0.687500 0.894531 0.675781 0.890625 0.671875 0.890625 0.664062 0.886719 0.660156 0.886719 0.656250 0.875000 0.644531 0.875000 0.640625 0.871094 0.640625 0.859375 0.632812
0 0.746094 0.121094 0.742188 0.125000 0.742188 0.140625 0.738281 0.144531 0.742188 0.148438 0.742188 0.156250 0.757812 0.175781 0.761719 0.175781 0.769531 0.183594 0.773438 0.183594 0.777344 0.187500 0.785156 0.187500 0.789062 0.191406 0.804688 0.191406 0.812500 0.183594 0.816406 0.183594 0.820312 0.179688 0.820312 0.164062 0.824219 0.160156 0.820312 0.156250 0.820312 0.148438 0.812500 0.140625 0.812500 0.136719 0.808594 0.136719 0.792969 0.121094 0.789062 0.121094 0.785156 0.117188 0.773438 0.117188 0.769531 0.113281 0.761719 0.113281 0.757812 0.117188
0 0.878906 0.035156 0.875000 0.039062 0.859375 0.039062 0.855469 0.042969 0.851562 0.042969 0.835938 0.062500 0.835938 0.093750 0.851562 0.109375 0.859375 0.109375 0.863281 0.113281 0.867188 0.109375 0.878906 0.109375 0.882812 0.105469 0.886719 0.105469 0.894531 0.097656 0.898438 0.097656 0.906250 0.085938 0.906250 0.054688 0.894531 0.042969 0.890625 0.042969
0 0.832031 0.722656 0.824219 0.730469 0.824219 0.738281 0.820312 0.742188 0.820312 0.769531 0.832031 0.796875 0.855469 0.824219 0.859375 0.824219 0.871094 0.835938 0.910156 0.851562 0.937500 0.847656 0.957031 0.832031 0.957031 0.824219 0.960938 0.820312 0.960938 0.792969 0.957031 0.789062 0.957031 0.781250 0.937500 0.750000 0.925781 0.742188 0.921875 0.734375 0.898438 0.718750 0.890625 0.718750 0.875000 0.710938 0.855469 0.710938
0 0.425781 0.347656 0.406250 0.371094 0.406250 0.410156 0.421875 0.437500 0.457031 0.464844 0.468750 0.464844 0.484375 0.472656 0.507812 0.472656 0.531250 0.460938 0.546875 0.441406 0.546875 0.402344 0.539062 0.394531 0.539062 0.386719 0.531250 0.375000 0.523438 0.371094 0.515625 0.359375 0.484375 0.343750 0.449219 0.339844 0.445312 0.343750 0.433594 0.343750
0 0.789062 0.281250 0.777344 0.281250 0.761719 0.296875 0.746094 0.328125 0.746094 0.335938 0.734375 0.363281 0.734375 0.375000 0.730469 0.378906 0.730469 0.402344 0.726562 0.406250 0.726562 0.453125 0.734375 0.468750 0.746094 0.468750 0.761719 0.453125 0.777344 0.421875 0.777344 0.414062 0.789062 0.386719 0.792969 0.347656 0.796875 0.343750 0.796875 0.296875
0 0.593750 0.636719 0.589844 0.640625 0.582031 0.640625 0.570312 0.652344 0.566406 0.652344 0.546875 0.675781 0.546875 0.683594 0.542969 0.687500 0.542969 0.718750 0.554688 0.742188 0.582031 0.765625 0.589844 0.765625 0.593750 0.769531 0.625000 0.769531 0.648438 0.757812 0.667969 0.738281 0.667969 0.730469 0.675781 0.718750 0.675781 0.687500 0.671875 0.683594 0.671875 0.675781 0.644531 0.644531 0.636719 0.644531 0.625000 0.636719
0 0.699219 0.640625 0.699219 0.644531 0.695312 0.648438 0.695312 0.664062 0.699219 0.667969 0.703125 0.679688 0.707031 0.679688 0.718750 0.691406 0.722656 0.691406 0.726562 0.695312 0.753906 0.695312 0.757812 0.691406 0.765625 0.691406 0.777344 0.679688 0.777344 0.675781 0.781250 0.671875 0.781250 0.656250 0.777344 0.652344 0.777344 0.648438 0.769531 0.640625 0.769531 0.636719 0.765625 0.636719 0.761719 0.632812 0.757812 0.632812 0.746094 0.625000 0.722656 0.625000 0.718750 0.628906 0.710938 0.628906
0 0.597656 0.417969 0.597656 0.429688 0.617188 0.445312 0.625000 0.445312 0.648438 0.460938 0.660156 0.460938 0.683594 0.472656 0.695312 0.472656 0.714844 0.480469 0.730469 0.480469 0.734375 0.484375 0.750000 0.484375 0.753906 0.488281 0.804688 0.488281 0.816406 0.480469 0.816406 0.472656 0.796875 0.453125 0.789062 0.453125 0.781250 0.445312 0.753906 0.437500 0.742188 0.429688 0.730469 0.429688 0.683594 0.414062 0.664062 0.414062 0.660156 0.410156 0.609375 0.410156
0 0.503906 0.253906 0.500000 0.253906 0.480469 0.242188 0.457031 0.242188 0.453125 0.246094 0.441406 0.246094 0.437500 0.250000 0.429688 0.250000 0.425781 0.253906 0.421875 0.253906 0.410156 0.265625 0.406250 0.265625 0.394531 0.277344 0.394531 0.281250 0.390625 0.285156 0.390625 0.308594 0.394531 0.312500 0.394531 0.316406 0.398438 0.316406 0.417969 0.328125 0.445312 0.328125 0.449219 0.324219 0.460938 0.324219 0.464844 0.320312 0.476562 0.316406 0.488281 0.304688 0.492188 0.304688 0.503906 0.292969 0.503906 0.289062 0.507812 0.285156 0.507812 0.261719 0.503906 0.257812
0 0.769531 0.195312 0.753906 0.210938 0.753906 0.234375 0.757812 0.238281 0.757812 0.242188 0.761719 0.246094 0.761719 0.250000 0.773438 0.261719 0.773438 0.265625 0.777344 0.265625 0.781250 0.269531 0.789062 0.269531 0.792969 0.273438 0.808594 0.273438 0.824219 0.257812 0.824219 0.234375 0.820312 0.230469 0.820312 0.226562 0.816406 0.222656 0.816406 0.218750 0.812500 0.214844 0.812500 0.210938 0.804688 0.203125 0.800781 0.203125 0.796875 0.199219 0.789062 0.199219 0.785156 0.195312
0 0.273438 0.933594 0.273438 0.941406 0.277344 0.945312 0.277344 0.949219 0.285156 0.957031 0.289062 0.957031 0.292969 0.960938 0.324219 0.960938 0.328125 0.957031 0.335938 0.957031 0.339844 0.953125 0.343750 0.953125 0.355469 0.941406 0.355469 0.937500 0.359375 0.933594 0.359375 0.925781 0.355469 0.921875 0.355469 0.917969 0.347656 0.910156 0.343750 0.910156 0.339844 0.906250 0.308594 0.906250 0.304688 0.910156 0.296875 0.910156 0.292969 0.914062 0.289062 0.914062 0.277344 0.925781 0.277344 0.929688
0 0.308594 0.355469 0.292969 0.355469 0.269531 0.367188 0.261719 0.375000 0.261719 0.382812 0.253906 0.390625 0.250000 0.406250 0.246094 0.410156 0.246094 0.445312 0.250000 0.449219 0.250000 0.457031 0.253906 0.464844 0.269531 0.480469 0.285156 0.488281 0.300781 0.488281 0.324219 0.476562 0.332031 0.468750 0.343750 0.445312 0.343750 0.437500 0.347656 0.433594 0.347656 0.394531 0.339844 0.378906 0.324219 0.363281
0 0.304688 0.187500 0.273438 0.199219 0.246094 0.226562 0.234375 0.257812 0.234375 0.292969 0.246094 0.320312 0.269531 0.347656 0.300781 0.359375 0.328125 0.359375 0.359375 0.347656 0.386719 0.320312 0.398438 0.289062 0.398438 0.253906 0.386719 0.226562 0.363281 0.199219 0.332031 0.187500
0 0.351562 0.750000 0.351562 0.757812 0.347656 0.761719 0.347656 0.785156 0.351562 0.789062 0.355469 0.808594 0.375000 0.828125 0.410156 0.843750 0.445312 0.843750 0.449219 0.839844 0.468750 0.835938 0.480469 0.828125 0.488281 0.816406 0.492188 0.816406 0.503906 0.792969 0.503906 0.765625 0.500000 0.761719 0.500000 0.753906 0.476562 0.726562 0.441406 0.710938 0.406250 0.710938 0.402344 0.714844 0.394531 0.714844 0.378906 0.722656
0 0.152344 0.445312 0.144531 0.453125 0.144531 0.460938 0.140625 0.464844 0.140625 0.480469 0.144531 0.484375 0.144531 0.492188 0.148438 0.496094 0.148438 0.500000 0.164062 0.515625 0.167969 0.515625 0.171875 0.519531 0.195312 0.519531 0.199219 0.515625 0.207031 0.515625 0.210938 0.511719 0.210938 0.507812 0.218750 0.496094 0.218750 0.480469 0.214844 0.476562 0.214844 0.468750 0.210938 0.464844 0.210938 0.460938 0.195312 0.445312 0.191406 0.445312 0.187500 0.441406 0.160156 0.441406 0.156250 0.445312
0 0.585938 0.765625 0.546875 0.792969 0.535156 0.812500 0.531250 0.847656 0.542969 0.875000 0.562500 0.890625 0.593750 0.902344 0.632812 0.902344 0.675781 0.882812 0.695312 0.859375 0.703125 0.839844 0.703125 0.816406 0.695312 0.796875 0.679688 0.777344 0.656250 0.765625 0.644531 0.765625 0.640625 0.761719 0.601562 0.761719 0.597656 0.765625
0 0.027344 0.667969 0.027344 0.679688 0.035156 0.687500 0.035156 0.691406 0.039062 0.695312 0.042969 0.695312 0.054688 0.703125 0.062500 0.703125 0.066406 0.707031 0.093750 0.707031 0.097656 0.703125 0.109375 0.703125 0.113281 0.699219 0.117188 0.699219 0.125000 0.691406 0.125000 0.687500 0.128906 0.683594 0.128906 0.671875 0.125000 0.667969 0.125000 0.664062 0.117188 0.656250 0.113281 0.656250 0.101562 0.648438 0.093750 0.648438 0.089844 0.644531 0.058594 0.644531 0.054688 0.648438 0.046875 0.648438 0.042969 0.652344 0.039062 0.652344 0.031250 0.660156 0.031250 0.664062
0 0.761719 0.328125 0.750000 0.320312 0.710938 0.320312 0.707031 0.324219 0.695312 0.324219 0.671875 0.335938 0.664062 0.335938 0.613281 0.367188 0.613281 0.371094 0.593750 0.390625 0.589844 0.398438 0.589844 0.414062 0.601562 0.421875 0.640625 0.421875 0.644531 0.417969 0.667969 0.414062 0.679688 0.406250 0.687500 0.406250 0.710938 0.394531 0.714844 0.386719 0.726562 0.382812 0.742188 0.371094 0.761719 0.343750
0 0.140625 0.230469 0.128906 0.230469 0.125000 0.226562 0.089844 0.230469 0.062500 0.246094 0.039062 0.273438 0.039062 0.281250 0.031250 0.292969 0.031250 0.335938 0.035156 0.347656 0.054688 0.371094 0.085938 0.382812 0.105469 0.382812 0.128906 0.375000 0.148438 0.363281 0.171875 0.335938 0.171875 0.328125 0.179688 0.316406 0.179688 0.273438 0.164062 0.246094
0 0.375000 0.800781 0.367188 0.800781 0.363281 0.796875 0.335938 0.796875 0.332031 0.800781 0.316406 0.804688 0.292969 0.824219 0.277344 0.859375 0.277344 0.886719 0.281250 0.890625 0.285156 0.906250 0.304688 0.925781 0.312500 0.925781 0.316406 0.929688 0.347656 0.929688 0.378906 0.910156 0.390625 0.894531 0.402344 0.867188 0.402344 0.835938 0.394531 0.820312
