0 0.230824 0.230769 0.240057 0.243269 0.248580 0.249038 0.255682 0.249038 0.262784 0.254808 0.274858 0.276923 0.275568 0.289423
0 0.647017 0.144231 0.649858 0.153846 0.661222 0.167308 0.677557 0.214423
0 0.160511 0.910577 0.162642 0.903846 0.162642 0.894231 0.166903 0.884615 0.166903 0.865385 0.165483 0.859615 0.162642 0.857692 0.161222 0.850000
0 0.737926 0.190385 0.725852 0.181731 0.700284 0.177885 0.696023 0.174038 0.684659 0.172115 0.678267 0.167308 0.673295 0.152885
0 0.602273 0.364423 0.597301 0.375000 0.593040 0.394231 0.585227 0.400962 0.572443 0.422115 0.563210 0.428846
0 0.446733 0.417308 0.480114 0.441346 0.489347 0.451923 0.492898 0.462500
0 0.157670 0.262500 0.156960 0.267308 0.155540 0.269231 0.155540 0.278846 0.151278 0.284615 0.151278 0.286538 0.142756 0.296154 0.142756 0.300000 0.138494 0.301923
0 0.672585 0.151923 0.678267 0.167308 0.684659 0.172115 0.696023 0.174038 0.700284 0.177885 0.725852 0.181731 0.737216 0.189423
0 0.703835 0.542308 0.728693 0.550962 0.737216 0.549038 0.745739 0.556731 0.759943 0.552885 0.779830 0.593269
0 0.524148 0.122115 0.529119 0.101923 0.524858 0.078846 0.531960 0.063462 0.543324 0.048077
0 0.307528 0.294231 0.291903 0.282692 0.287642 0.257692 0.285511 0.231731
0 0.852273 0.272115 0.850852 0.272115 0.843040 0.284615 0.835938 0.303846 0.830256 0.313462 0.828835 0.323077
0 0.927557 0.685577 0.919034 0.693269 0.914773 0.693269 0.913352 0.695192 0.897727 0.693269 0.891335 0.700000
0 0.360795 0.424038 0.360085 0.428846 0.358665 0.430769 0.358665 0.434615 0.357244 0.436538 0.357244 0.440385 0.352273 0.449038 0.349432 0.449038 0.348011 0.450962 0.342330 0.450962 0.335938 0.455769
0 0.029119 0.305769 0.021307 0.304808 0.012784 0.297115 0.009233 0.292308 0.006392 0.282692 0.000000 0.272115
0 0.242898 0.072115 0.247869 0.059615 0.248580 0.049038 0.265625 0.047115 0.283381 0.040385
0 0.881392 0.236538 0.868608 0.219231 0.860085 0.203846 0.855824 0.190385 0.855114 0.181731
0 0.734375 0.708654 0.725142 0.730769 0.725142 0.734615 0.717330 0.745192 0.703835 0.757692
0 0.384233 0.363462 0.368608 0.355769 0.372869 0.346154 0.371449 0.336538 0.362926 0.326923 0.360085 0.317308 0.349432 0.302885
0 0.984375 0.425962 0.980824 0.432692 0.979403 0.442308 0.972301 0.455769 0.972301 0.471154 0.960227 0.475962 0.942472 0.488462
0 0.090909 0.331731 0.087358 0.340385 0.087358 0.342308 0.085938 0.344231 0.085938 0.346154 0.078125 0.354808 0.071733 0.357692
0 0.817472 0.369231 0.812500 0.366346 0.806818 0.358654 0.799716 0.352885 0.786932 0.349038 0.785511 0.347115 0.781250 0.347115 0.776989 0.343269
0 0.723722 0.953846 0.728693 0.958654 0.730114 0.958654 0.733665 0.963462 0.733665 0.965385 0.745739 0.985577
0 0.344460 0.676923 0.330966 0.658654 0.306818 0.650962
0 0.147017 0.913462 0.134233 0.911538 0.129972 0.900000 0.129972 0.888462 0.125000 0.875962
0 0.458807 0.358654 0.470170 0.352885 0.484375 0.335577 0.494318 0.337500 0.500000 0.341346 0.503551 0.332692
0 0.382102 0.258654 0.379972 0.263462 0.379972 0.280769 0.377131 0.288462 0.372159 0.297115 0.364347 0.300000
0 0.420455 0.774038 0.419744 0.775000 0.419744 0.780769 0.418324 0.782692 0.415483 0.792308 0.404119 0.800000
0 0.786932 0.916346 0.768466 0.914423 0.752131 0.923077 0.752131 0.886538 0.749290 0.865385 0.745739 0.856731 0.788352 0.908654
0 0.747869 0.375000 0.750710 0.390385 0.749290 0.426923 0.755682 0.443269
0 0.139915 0.796154 0.139915 0.830769 0.144176 0.838462 0.144176 0.846154 0.149148 0.854808
0 0.303977 0.314423 0.310369 0.290385 0.328835 0.253846 0.330256 0.236538
0 0.410511 0.539423 0.423295 0.516346 0.441761 0.516346 0.446023 0.512500 0.468040 0.509615 0.465199 0.515385 0.465199 0.525000 0.470170 0.537500
0 0.543324 0.323077 0.546875 0.325962 0.553977 0.327885 0.558239 0.333654 0.562500 0.335577 0.567472 0.344231 0.568182 0.356731
0 0.851562 0.273077 0.852983 0.278846 0.851562 0.307692 0.862216 0.350962
0 0.503551 0.136538 0.499290 0.132692 0.502131 0.121154 0.502131 0.098077 0.494318 0.077885
0 0.347301 0.300000 0.350142 0.305769 0.360085 0.317308 0.362926 0.326923 0.371449 0.336538 0.372159 0.341346
0 0.434659 0.258654 0.422585 0.290385 0.419744 0.315385 0.414062 0.330769 0.397017 0.353846
0 0.440341 0.589423 0.441051 0.586538 0.444602 0.583654 0.447443 0.583654 0.454545 0.577885 0.457386 0.577885 0.463068 0.574038 0.470170 0.574038 0.470881 0.571154
0 0.000710 0.092308 0.023438 0.117308 0.026278 0.125000 0.026278 0.140385 0.028409 0.149038
0 0.369318 0.408654 0.374290 0.394231 0.379261 0.387500 0.395597 0.376923
0 0.548295 0.572115 0.544034 0.577885 0.535511 0.579808 0.531250 0.587500 0.517045 0.599038 0.480824 0.613462
0 0.123580 0.735577 0.127131 0.723077 0.134233 0.715385 0.138494 0.703846 0.137074 0.700000 0.138494 0.688462 0.141335 0.678846 0.144176 0.675000
0 0.428977 0.260577 0.407670 0.281731 0.391335 0.303846
0 0.176136 0.849038 0.178267 0.836538 0.184659 0.824038 0.198864 0.841346 0.211648 0.829808 0.218040 0.817308
0 0.485085 0.142308 0.483665 0.140385 0.483665 0.128846 0.482244 0.125000 0.480114 0.124038 0.477983 0.121154 0.476562 0.115385 0.468040 0.105769 0.465909 0.097115
0 0.438920 0.408654 0.439631 0.401923 0.441051 0.400000 0.441051 0.394231 0.448153 0.382692 0.448153 0.376923 0.455966 0.370192 0.459517 0.363462
0 0.996449 0.665385 0.996449 0.659615 0.990057 0.650962 0.977273 0.641346 0.971591 0.639423 0.967330 0.631731
0 0.659091 0.454808 0.662642 0.442308 0.668324 0.436538 0.671165 0.426923 0.678977 0.416346 0.685369 0.411538
0 0.579545 0.783654 0.574574 0.803846 0.563210 0.823077 0.557528 0.840385
0 0.747869 0.926923 0.745028 0.917308 0.724432 0.889423 0.720170 0.887500 0.718750 0.883654
0 0.143466 0.675962 0.139915 0.682692 0.137074 0.696154 0.138494 0.703846 0.134233 0.715385 0.127131 0.723077 0.122869 0.738462
0 0.560369 0.000000 0.562500 0.000962 0.567472 0.007692 0.567472 0.009615 0.570312 0.013462 0.570312 0.030769 0.571023 0.031731
0 0.450994 0.080769 0.446023 0.079808 0.444602 0.077885 0.441051 0.076923 0.441051 0.073077 0.439631 0.071154 0.439631 0.053846 0.441051 0.051923 0.441051 0.048077 0.438920 0.043269
0 0.952415 0.050000 0.948153 0.044231 0.948153 0.042308 0.941761 0.033654 0.940341 0.033654 0.936790 0.028846 0.934659 0.022115
0 0.156960 0.780769 0.155540 0.786538 0.155540 0.811538 0.161222 0.832692 0.161932 0.841346
0 0.190341 0.791346 0.189631 0.792308 0.189631 0.798077 0.188210 0.800000 0.188210 0.803846 0.182528 0.817308 0.182528 0.821154 0.183949 0.823077 0.182528 0.825000
0 0.693182 0.462500 0.693892 0.451923 0.695312 0.450000 0.693892 0.426923 0.700284 0.425962 0.701705 0.424038 0.708807 0.424038 0.716619 0.419231
0 0.012784 0.789423 0.023438 0.759615 0.028409 0.752885 0.033381 0.751923
0 0.049716 0.816346 0.047585 0.821154 0.047585 0.825000 0.046165 0.826923 0.046165 0.828846 0.039773 0.837500 0.026989 0.837500 0.026278 0.838462
0 0.236506 0.236538 0.234375 0.235577 0.230114 0.229808 0.228693 0.233654 0.218750 0.233654 0.215909 0.231731 0.209517 0.221154 0.208807 0.214423
0 0.383523 0.916346 0.389205 0.912500 0.394176 0.905769 0.398438 0.894231 0.405540 0.861538
0 0.704545 0.375962 0.703835 0.380769 0.702415 0.382692 0.702415 0.386538 0.699574 0.392308 0.699574 0.396154 0.688210 0.411538
0 0.492188 0.076923 0.492188 0.075000 0.488636 0.070192 0.484375 0.068269 0.482244 0.065385 0.482244 0.063462 0.470881 0.050000 0.470170 0.047115
0 0.659091 0.927885 0.652699 0.936538 0.651278 0.942308 0.647017 0.948077 0.647017 0.950000 0.642045 0.956731 0.637074 0.959615 0.634233 0.969231
0 0.558239 0.839423 0.563210 0.823077 0.574574 0.803846 0.578835 0.784615
0 0.262074 0.230769 0.261364 0.229808 0.258523 0.229808 0.257102 0.227885 0.252841 0.227885 0.251420 0.225962 0.248580 0.225962 0.245028 0.219231 0.245028 0.215385 0.243608 0.213462 0.243608 0.209615 0.242898 0.208654
0 0.304688 0.655769 0.308949 0.659615 0.313210 0.673077 0.320312 0.686538 0.320312 0.692308 0.323864 0.702885
0 0.498580 0.568269 0.504261 0.552885 0.515625 0.550962 0.527699 0.542308
0 0.574574 0.921154 0.575284 0.922115 0.585227 0.922115 0.586648 0.924038 0.590909 0.925962 0.595881 0.934615 0.598011 0.941346
0 0.248580 0.045192 0.252131 0.030769 0.262074 0.015385 0.266335 0.005769 0.273438 0.000000
0 0.439631 0.588462 0.436080 0.583654 0.426847 0.580769 0.426847 0.561538 0.421875 0.550962
0 0.872159 0.920192 0.865767 0.936538 0.865767 0.938462 0.861506 0.944231 0.861506 0.946154 0.860085 0.948077 0.860085 0.955769
0 0.461648 0.020192 0.460938 0.021154 0.460938 0.028846 0.460227 0.029808 0.458807 0.029808 0.457386 0.027885 0.455966 0.027885 0.448153 0.038462
0 0.893466 0.935577 0.892756 0.942308 0.887784 0.950962 0.873580 0.962500 0.865767 0.965385
0 0.484375 0.539423 0.489347 0.534615 0.489347 0.526923 0.494318 0.506731 0.528409 0.539423
0 0.507812 0.048077 0.506392 0.046154 0.507812 0.042308 0.503551 0.032692 0.502131 0.021154 0.500710 0.019231 0.500000 0.000962
0 0.449574 0.965385 0.457386 0.970192 0.459517 0.973077 0.459517 0.975000 0.460938 0.976923 0.460938 0.982692 0.462358 0.984615 0.462358 0.988462 0.465909 0.997115
0 0.323153 0.701923 0.318892 0.682692 0.313210 0.673077 0.308949 0.659615 0.303977 0.654808
0 0.492188 0.461538 0.489347 0.451923 0.485795 0.447115 0.458807 0.425962
0 0.733665 0.771154 0.739347 0.784615 0.739347 0.788462 0.740767 0.790385 0.740767 0.792308 0.748580 0.802885
0 0.772017 0.717308 0.786222 0.725000 0.786222 0.736538 0.784801 0.738462 0.784801 0.744231 0.786222 0.746154 0.788352 0.756731
0 0.544034 0.047115 0.531960 0.063462 0.530540 0.069231 0.526278 0.075000 0.524858 0.080769
0 0.192472 0.786538 0.197443 0.800962 0.211648 0.810577 0.218750 0.812500
0 0.424006 0.923077 0.426136 0.924038 0.431818 0.931731 0.433239 0.931731 0.437500 0.935577 0.440341 0.935577 0.442472 0.938462 0.442472 0.940385 0.444602 0.945192
0 0.346591 0.968269 0.351562 0.959615 0.351562 0.953846 0.352983 0.951923 0.352983 0.936538 0.357244 0.926923
0 0.539062 0.451923 0.533381 0.448077 0.533381 0.444231 0.539062 0.434615 0.539062 0.425000 0.532670 0.416346 0.528409 0.418269
0 0.000710 0.321154 0.005682 0.324038 0.008523 0.327885 0.009943 0.327885 0.012784 0.331731 0.014205 0.331731 0.018466 0.335577 0.028409 0.337500
0 0.504261 0.368269 0.504972 0.359615 0.506392 0.357692 0.507812 0.346154 0.509233 0.344231 0.509233 0.336538 0.504972 0.330769 0.504972 0.328846 0.507812 0.323077 0.512074 0.319231
0 0.968750 0.652885 0.966619 0.655769 0.966619 0.657692 0.963068 0.662500 0.961648 0.660577 0.960227 0.660577 0.958807 0.662500 0.957386 0.662500 0.955966 0.660577 0.954545 0.660577 0.953125 0.662500 0.951705 0.662500 0.950994 0.663462
0 0.548295 0.004808 0.547585 0.011538 0.546165 0.013462 0.546165 0.021154 0.544744 0.023077 0.544744 0.034615 0.543324 0.036538 0.543324 0.044231
0 0.484375 0.000962 0.483665 0.001923 0.483665 0.025000 0.482244 0.028846 0.474432 0.039423 0.472301 0.040385
0 0.536932 0.366346 0.534801 0.373077 0.531960 0.376923 0.531960 0.378846 0.529119 0.384615 0.529119 0.392308 0.525568 0.397115 0.523438 0.398077
0 0.687500 0.412500 0.698864 0.397115 0.711648 0.400962 0.717330 0.404808 0.725852 0.399038 0.730824 0.390385
0 0.272727 0.985577 0.276989 0.981731 0.279830 0.981731 0.281250 0.979808 0.282670 0.979808 0.286932 0.974038 0.289773 0.974038 0.290483 0.973077
0 0.065341 0.995192 0.066051 0.994231 0.066051 0.988462 0.067472 0.986538 0.067472 0.984615 0.068892 0.982692 0.068892 0.980769 0.073864 0.974038 0.075284 0.974038 0.075994 0.973077
0 0.313920 0.329808 0.316051 0.315385 0.323153 0.305769 0.323153 0.303846 0.326705 0.299038 0.335938 0.294231
0 0.750710 0.521154 0.751420 0.522115 0.754261 0.522115 0.755682 0.524038 0.757102 0.524038 0.760653 0.528846 0.760653 0.530769 0.762074 0.532692 0.762074 0.536538 0.762784 0.537500
0 0.504261 0.552885 0.497869 0.569231 0.497869 0.571154 0.495739 0.574038 0.494318 0.574038 0.487926 0.584615
0 0.994318 0.016346 0.988636 0.024038 0.987216 0.024038 0.982955 0.029808 0.981534 0.029808 0.980114 0.031731 0.977273 0.031731 0.976562 0.032692
0 0.754261 0.716346 0.752841 0.718269 0.748580 0.718269 0.747159 0.720192 0.745739 0.720192 0.739347 0.738462 0.735795 0.743269 0.733665 0.744231
0 0.731534 0.375962 0.729403 0.380769 0.729403 0.390385 0.727983 0.392308 0.726562 0.398077 0.718040 0.403846
0 0.472301 0.051923 0.477273 0.058654 0.478693 0.058654 0.484375 0.068269 0.488636 0.070192 0.492188 0.075000 0.492898 0.077885
0 0.465909 0.514423 0.466619 0.511538 0.468750 0.508654 0.488636 0.508654 0.489347 0.507692
0 0.012074 0.976923 0.012784 0.977885 0.024148 0.977885 0.025568 0.979808 0.029830 0.981731 0.033381 0.986538 0.035511 0.995192
0 0.688210 0.023077 0.677557 0.016346 0.674716 0.012500 0.669034 0.008654 0.661932 0.008654 0.654830 0.002885
0 0.460227 0.416346 0.463068 0.408654 0.465909 0.408654 0.473011 0.402885 0.480114 0.400962 0.483665 0.396154
0 0.738636 0.739423 0.739347 0.736538 0.740767 0.734615 0.740767 0.732692 0.742188 0.730769 0.742188 0.728846 0.743608 0.726923 0.743608 0.725000 0.745028 0.723077 0.745028 0.721154 0.747159 0.720192 0.748580 0.718269 0.752841 0.718269 0.753551 0.717308
0 0.497869 0.423077 0.492188 0.419231 0.492188 0.415385 0.493608 0.413462 0.493608 0.409615 0.492188 0.407692 0.492188 0.405769 0.487216 0.399038 0.485795 0.399038
0 0.549716 0.370192 0.543324 0.382692 0.543324 0.398077 0.549006 0.411538
0 0.493608 0.000000 0.500710 0.001923 0.500710 0.019231 0.502131 0.021154 0.503551 0.032692 0.506392 0.038462 0.505682 0.041346 0.500000 0.035577 0.484375 0.025962
0 0.164062 0.850000 0.162642 0.848077 0.162642 0.842308 0.161222 0.840385 0.161222 0.832692 0.159801 0.830769 0.159801 0.826923 0.158381 0.825000 0.158381 0.821154 0.157670 0.820192
0 0.109375 0.420192 0.108665 0.421154 0.108665 0.423077 0.107244 0.425000 0.107244 0.426923 0.105114 0.429808 0.103693 0.429808 0.100852 0.433654 0.099432 0.433654 0.098722 0.434615
0 0.977273 0.368269 0.978693 0.366346 0.980114 0.366346 0.982955 0.362500 0.984375 0.362500 0.988636 0.356731 0.990057 0.356731 0.994318 0.350962 0.995739 0.350962 0.997869 0.348077
0 0.514915 0.394231 0.515625 0.395192 0.518466 0.395192 0.522727 0.399038 0.526989 0.395192 0.528409 0.397115 0.529830 0.397115 0.531960 0.400000 0.531960 0.401923 0.533381 0.403846 0.534091 0.406731
0 0.518466 0.431731 0.519176 0.430769 0.519176 0.428846 0.520597 0.426923 0.520597 0.425000 0.522727 0.422115 0.524148 0.422115 0.525568 0.420192 0.526989 0.420192 0.528409 0.418269 0.529830 0.418269 0.530540 0.417308
0 0.455256 0.576923 0.453835 0.575000 0.453835 0.567308 0.452415 0.565385 0.452415 0.557692 0.451705 0.556731
0 0.482955 0.541346 0.482244 0.544231 0.480824 0.546154 0.480824 0.548077 0.477983 0.551923 0.477983 0.555769 0.476562 0.557692 0.476562 0.563462 0.479403 0.569231
0 0.963068 0.668269 0.962358 0.669231 0.962358 0.671154 0.959517 0.675000
