0 0.426136 0.641346 0.426847 0.640385 0.426847 0.638462 0.428267 0.636538 0.428267 0.634615 0.431818 0.629808 0.433239 0.629808 0.434659 0.627885 0.443182 0.627885 0.443892 0.626923
0 0.853693 0.672115 0.860085 0.661538 0.861506 0.655769 0.866477 0.649038 0.867898 0.649038 0.870028 0.646154
0 0.488636 0.735577 0.487926 0.736538 0.487926 0.738462 0.482955 0.745192 0.480114 0.745192 0.478693 0.747115 0.477273 0.747115 0.476562 0.748077
0 0.485085 0.476923 0.485795 0.477885 0.488636 0.477885 0.490767 0.480769 0.490767 0.482692 0.492188 0.484615 0.492188 0.486538 0.492898 0.487500
0 0.838068 0.347115 0.837358 0.348077 0.837358 0.350000 0.835938 0.351923 0.835938 0.353846 0.835227 0.354808 0.833807 0.354808 0.832386 0.356731 0.822443 0.356731 0.821733 0.357692
0 0.915483 0.978846 0.911222 0.973077 0.910511 0.968269 0.909091 0.968269 0.907670 0.972115 0.903409 0.974038 0.901989 0.972115 0.897727 0.972115 0.893466 0.968269 0.890625 0.968269 0.887784 0.960577
0 0.388494 0.763462 0.387784 0.762500 0.383523 0.762500 0.381392 0.759615 0.381392 0.757692 0.379972 0.755769 0.379972 0.753846 0.378551 0.751923 0.378551 0.748077 0.377841 0.747115
0 0.816051 0.223077 0.816761 0.224038 0.818182 0.224038 0.823153 0.230769 0.823153 0.232692 0.824574 0.234615 0.824574 0.238462 0.825284 0.239423
0 0.769886 0.795192 0.773438 0.792308 0.773438 0.786538 0.776278 0.780769 0.774858 0.767308 0.772017 0.763462 0.774148 0.762500 0.777699 0.757692
0 0.192472 0.765385 0.191051 0.763462 0.191051 0.761538 0.187500 0.756731 0.186080 0.756731 0.183239 0.752885 0.181818 0.752885 0.177557 0.747115
0 0.958097 0.084615 0.958807 0.085577 0.961648 0.085577 0.963068 0.087500 0.967330 0.087500 0.969460 0.090385 0.969460 0.092308 0.970881 0.094231 0.970881 0.107692 0.971591 0.108654
0 0.323153 0.317308 0.323153 0.315385 0.321733 0.313462 0.321733 0.311538 0.319602 0.308654 0.318182 0.308654 0.316761 0.306731 0.313920 0.306731 0.311080 0.302885 0.306818 0.302885 0.321733 0.319231
0 0.328835 0.155769 0.328125 0.154808 0.326705 0.154808 0.324574 0.151923 0.324574 0.150000 0.320312 0.144231 0.320312 0.142308 0.319602 0.141346
0 0.618608 0.161538 0.619318 0.162500 0.622159 0.162500 0.625710 0.167308 0.625710 0.169231 0.627131 0.171154 0.627131 0.176923 0.627841 0.177885
0 0.823153 0.859615 0.816051 0.850000 0.816051 0.848077 0.814631 0.846154 0.814631 0.844231 0.813920 0.843269
0 0.533381 0.669231 0.532670 0.668269 0.531250 0.668269 0.526989 0.662500 0.525568 0.662500 0.524148 0.660577 0.518466 0.660577 0.517045 0.656731
0 0.439631 0.248077 0.440341 0.249038 0.443182 0.249038 0.444602 0.250962 0.446023 0.250962 0.448153 0.253846 0.448153 0.255769 0.449574 0.257692 0.449574 0.259615 0.450284 0.260577
0 0.932528 0.773077 0.931108 0.771154 0.931108 0.769231 0.928977 0.766346 0.927557 0.766346 0.924006 0.761538 0.924006 0.757692 0.923295 0.756731
0 0.438210 0.544231 0.438920 0.545192 0.441761 0.545192 0.443182 0.547115 0.444602 0.547115 0.446023 0.549038 0.447443 0.549038 0.448153 0.550000 0.448153 0.551923 0.448864 0.552885
0 0.588778 0.865385 0.588068 0.864423 0.586648 0.864423 0.584517 0.861538 0.584517 0.859615 0.582386 0.856731 0.580966 0.856731 0.579545 0.854808 0.578125 0.854808
0 0.593040 0.026923 0.590909 0.024038 0.589489 0.024038 0.587358 0.021154 0.587358 0.015385 0.584517 0.009615 0.584517 0.003846 0.583807 0.002885
0 0.918324 0.461538 0.919034 0.462500 0.920455 0.462500 0.921875 0.464423 0.923295 0.464423 0.924716 0.466346 0.926136 0.466346 0.928267 0.469231 0.928267 0.471154 0.929688 0.473077 0.929688 0.475000 0.930398 0.475962
0 0.357244 0.051923 0.357955 0.052885 0.359375 0.052885 0.365767 0.061538 0.365767 0.063462 0.366477 0.064423
0 0.762074 0.794231 0.761364 0.793269 0.759943 0.793269 0.758523 0.791346 0.755682 0.791346 0.754972 0.790385 0.754972 0.788462 0.752131 0.784615 0.752131 0.782692 0.751420 0.781731
0 0.041903 0.488462 0.041193 0.487500 0.034091 0.487500 0.029119 0.480769 0.029119 0.473077 0.028409 0.472115
0 0.933949 0.923077 0.936080 0.925962 0.937500 0.925962 0.938920 0.927885 0.940341 0.927885 0.943892 0.932692 0.943892 0.944231 0.944602 0.945192
0 0.650568 0.552885 0.652699 0.550000 0.652699 0.548077 0.653409 0.547115 0.654830 0.547115 0.655540 0.546154 0.655540 0.544231 0.656250 0.543269 0.657670 0.543269 0.658381 0.542308
0 0.921875 0.495192 0.922585 0.494231 0.922585 0.492308 0.924006 0.490385 0.924006 0.488462 0.924716 0.487500 0.926136 0.487500 0.929688 0.482692 0.929688 0.480769 0.931108 0.478846
0 0.568892 0.951923 0.568182 0.950962 0.565341 0.950962 0.563920 0.949038 0.562500 0.949038 0.561080 0.950962 0.559659 0.950962 0.558949 0.950000 0.558949 0.948077 0.557528 0.946154 0.557528 0.944231 0.555398 0.941346
0 0.745739 0.595192 0.746449 0.592308 0.748580 0.591346 0.751420 0.587500 0.754261 0.587500 0.755682 0.589423 0.767045 0.589423 0.769176 0.586538
0 0.130682 0.556731 0.134943 0.550962 0.136364 0.550962 0.137784 0.549038 0.139205 0.549038 0.140625 0.547115 0.142045 0.547115 0.142756 0.546154
0 0.242188 0.082692 0.245739 0.087500 0.247159 0.087500 0.249290 0.090385 0.249290 0.096154 0.250000 0.097115
0 0.950994 0.726923 0.950284 0.725962 0.948864 0.725962 0.947443 0.724038 0.944602 0.724038 0.943182 0.722115 0.940341 0.722115 0.938210 0.719231 0.938210 0.717308 0.937500 0.716346
0 0.840909 0.500962 0.838068 0.504808 0.836648 0.504808 0.835938 0.505769 0.835938 0.507692 0.833807 0.510577 0.832386 0.510577 0.827415 0.517308
0 0.031960 0.259615 0.031250 0.258654 0.029830 0.258654 0.028409 0.256731 0.026989 0.256731 0.025568 0.254808 0.024148 0.254808 0.019886 0.249038
0 0.494318 0.631731 0.493608 0.632692 0.493608 0.636538 0.492188 0.638462 0.492188 0.644231 0.488636 0.649038 0.482955 0.649038 0.482244 0.650000
0 0.764205 0.033654 0.763494 0.034615 0.763494 0.040385 0.762074 0.042308 0.762074 0.044231 0.759943 0.047115 0.758523 0.047115 0.757102 0.049038 0.755682 0.049038 0.754972 0.050000
0 0.441761 0.477885 0.443182 0.474038 0.444602 0.474038 0.448864 0.468269 0.450284 0.468269 0.453835 0.463462
0 0.120739 0.475962 0.120028 0.476923 0.120028 0.482692 0.118608 0.484615 0.118608 0.486538 0.116477 0.489423 0.112216 0.489423 0.111506 0.490385
0 0.919034 0.291346 0.919744 0.290385 0.919744 0.288462 0.922585 0.284615 0.922585 0.282692 0.924006 0.280769 0.924006 0.278846 0.925426 0.276923 0.925426 0.275000 0.926847 0.273077
0 0.306108 0.930769 0.310369 0.936538 0.310369 0.944231 0.311080 0.945192
0 0.923295 0.331731 0.924716 0.329808 0.926136 0.329808 0.931108 0.323077
0 0.416903 0.717308 0.417614 0.718269 0.421875 0.718269 0.422585 0.719231 0.422585 0.721154 0.424006 0.723077 0.424006 0.725000 0.425426 0.726923 0.425426 0.730769 0.428977 0.735577
0 0.311790 0.303846 0.313920 0.306731 0.316761 0.306731 0.318182 0.308654 0.319602 0.308654 0.321733 0.311538 0.321733 0.313462 0.322443 0.314423
0 0.487926 0.119231 0.488636 0.120192 0.490057 0.120192 0.492188 0.123077 0.492188 0.125000 0.493608 0.126923 0.493608 0.128846 0.494318 0.129808
0 0.213778 0.913462 0.218040 0.919231 0.218040 0.921154 0.225852 0.931731
0 0.598722 0.600000 0.596591 0.597115 0.595170 0.597115 0.593750 0.593269 0.590909 0.593269 0.588068 0.589423 0.583807 0.589423 0.582386 0.587500
0 0.748580 0.575962 0.749290 0.575000 0.749290 0.571154 0.755682 0.562500 0.759943 0.562500 0.760653 0.561538
0 0.161222 0.430769 0.172585 0.446154 0.172585 0.448077 0.173295 0.449038
0 0.563920 0.872115 0.566051 0.869231 0.566051 0.867308 0.574574 0.855769 0.574574 0.853846
0 0.297585 0.255769 0.296875 0.254808 0.282670 0.254808 0.281960 0.255769
0 0.343040 0.111538 0.342330 0.110577 0.339489 0.110577 0.338068 0.108654 0.336648 0.108654 0.334517 0.105769 0.334517 0.103846 0.333807 0.102885
0 0.027699 0.844231 0.026989 0.843269 0.025568 0.843269 0.024148 0.841346 0.022727 0.841346 0.022017 0.840385 0.022017 0.838462 0.020597 0.836538 0.020597 0.832692 0.019886 0.831731
0 0.186080 0.099038 0.185369 0.100000 0.185369 0.101923 0.182528 0.105769 0.182528 0.107692 0.181818 0.108654 0.180398 0.108654 0.178977 0.110577 0.177557 0.110577 0.176847 0.111538
0 0.281250 0.252885 0.280540 0.253846 0.280540 0.257692 0.275568 0.264423 0.272727 0.264423 0.272017 0.265385
0 0.669034 0.902885 0.668324 0.903846 0.668324 0.905769 0.666903 0.907692 0.666903 0.909615 0.664062 0.913462
0 0.540483 0.301923 0.541193 0.302885 0.548295 0.302885 0.551847 0.307692 0.551847 0.309615 0.553977 0.312500
0 0.829545 0.514423 0.832386 0.510577 0.833807 0.510577 0.835938 0.507692 0.835938 0.505769 0.836648 0.504808 0.838068 0.504808 0.838778 0.503846
0 0.557528 0.336538 0.558239 0.337500 0.561080 0.337500 0.563210 0.340385 0.563210 0.342308 0.564631 0.344231 0.564631 0.350000 0.565341 0.350962
0 0.270597 0.165385 0.270597 0.163462 0.269176 0.161538 0.269176 0.159615 0.264915 0.153846 0.264915 0.151923 0.259943 0.145192
0 0.451705 0.445192 0.450284 0.449038 0.443182 0.449038 0.441761 0.450962 0.437500 0.452885 0.434659 0.456731 0.432528 0.457692
0 0.260653 0.146154 0.264915 0.151923 0.264915 0.153846 0.269176 0.159615 0.269176 0.161538 0.269886 0.162500
0 0.982955 0.958654 0.985085 0.955769 0.985085 0.953846 0.987216 0.950962 0.988636 0.950962 0.989347 0.950000
0 0.251420 0.347115 0.254261 0.343269 0.255682 0.343269 0.256392 0.342308 0.256392 0.340385 0.257102 0.339423 0.258523 0.339423 0.259233 0.338462
0 0.166903 0.051923 0.166903 0.046154 0.165483 0.044231 0.165483 0.042308 0.156960 0.030769 0.156960 0.028846 0.154830 0.024038
0 0.540483 0.809615 0.539773 0.808654 0.536932 0.808654 0.535511 0.806731 0.534091 0.806731 0.531250 0.802885
0 0.509233 0.794231 0.508523 0.793269 0.507102 0.793269 0.503551 0.788462 0.503551 0.786538 0.501420 0.783654
0 0.596591 0.599038 0.594460 0.601923 0.594460 0.603846 0.593040 0.605769 0.593040 0.613462 0.591619 0.615385 0.591619 0.617308 0.590199 0.619231
0 0.301136 0.268269 0.299006 0.271154 0.299006 0.273077 0.295455 0.277885 0.289773 0.277885 0.289062 0.278846
0 0.935369 0.351923 0.936790 0.353846 0.936790 0.355769 0.938920 0.358654 0.940341 0.358654 0.941051 0.359615 0.941051 0.361538 0.943182 0.364423
0 0.347301 0.846154 0.348011 0.847115 0.352273 0.847115 0.353693 0.849038 0.355114 0.849038 0.357244 0.851923 0.357244 0.853846 0.357955 0.854808
0 0.226562 0.932692 0.218040 0.921154 0.218040 0.919231 0.215909 0.916346
0 0.706676 0.319231 0.705966 0.318269 0.697443 0.318269 0.692472 0.311538 0.692472 0.307692 0.691761 0.306731
0 0.051136 0.854808 0.050426 0.855769 0.050426 0.857692 0.049716 0.858654 0.048295 0.858654 0.046875 0.860577 0.042614 0.860577 0.041903 0.861538
0 0.454545 0.462500 0.450284 0.468269 0.448864 0.468269 0.444602 0.474038 0.443182 0.474038 0.442472 0.475000 0.442472 0.476923 0.441051 0.478846
0 0.573864 0.856731 0.566051 0.867308 0.566051 0.869231 0.564631 0.871154
0 0.791193 0.168269 0.790483 0.169231 0.790483 0.171154 0.789062 0.173077 0.789062 0.175000 0.786932 0.177885 0.785511 0.177885 0.784801 0.178846
0 0.284801 0.844231 0.285511 0.845192 0.286932 0.845192 0.290483 0.850000 0.290483 0.851923 0.291903 0.853846 0.291903 0.857692 0.292614 0.858654
0 0.176847 0.590385 0.176136 0.589423 0.171875 0.589423 0.168324 0.584615 0.168324 0.582692 0.167614 0.581731
0 0.527699 0.328846 0.526989 0.327885 0.521307 0.327885 0.518466 0.324038 0.517045 0.324038
0 0.142045 0.389423 0.141335 0.390385 0.141335 0.392308 0.139915 0.394231 0.139915 0.396154 0.139205 0.397115 0.137784 0.397115 0.136364 0.399038 0.133523 0.399038 0.132812 0.400000
0 0.408381 0.028846 0.407670 0.027885 0.406250 0.027885 0.401989 0.022115
0 0.299716 0.650962 0.299006 0.651923 0.299006 0.653846 0.296875 0.656731 0.291193 0.656731 0.290483 0.657692
0 0.715909 0.020192 0.720881 0.013462 0.720881 0.011538 0.721591 0.010577 0.727273 0.010577 0.727983 0.009615
0 0.929688 0.973077 0.928977 0.972115 0.926136 0.972115 0.924716 0.970192 0.923295 0.970192 0.921165 0.967308 0.921165 0.965385 0.920455 0.964423
0 0.627841 0.487500 0.628551 0.486538 0.628551 0.484615 0.629972 0.482692 0.629972 0.478846 0.632102 0.475962 0.633523 0.475962 0.634233 0.475000
0 0.518466 0.687500 0.521307 0.683654 0.522727 0.683654 0.525568 0.679808 0.528409 0.679808 0.529119 0.678846
0 0.372159 0.324038 0.372869 0.323077 0.372869 0.321154 0.379972 0.311538
0 0.710227 0.333654 0.709517 0.334615 0.709517 0.336538 0.705966 0.341346 0.703125 0.341346 0.702415 0.342308
0 0.303977 0.625962 0.304688 0.625000 0.304688 0.623077 0.308239 0.618269 0.309659 0.618269 0.310369 0.617308
0 0.531250 0.677885 0.529830 0.677885 0.528409 0.679808 0.525568 0.679808 0.522727 0.683654 0.521307 0.683654 0.519176 0.686538
0 0.044744 0.803846 0.045455 0.804808 0.046875 0.804808 0.048295 0.806731 0.049716 0.806731 0.051136 0.808654 0.053977 0.808654 0.055398 0.810577 0.056818 0.810577 0.057528 0.811538 0.057528 0.815385 0.058239 0.816346
0 0.801847 0.925000 0.801136 0.924038 0.798295 0.924038 0.794034 0.918269
0 0.155540 0.026923 0.156960 0.028846 0.156960 0.030769 0.165483 0.042308 0.165483 0.044231 0.166193 0.045192
0 0.172585 0.448077 0.172585 0.446154 0.163352 0.433654
0 0.589489 0.620192 0.593040 0.615385 0.593040 0.609615 0.594460 0.607692 0.594460 0.601923 0.595881 0.600000
0 0.943892 0.373077 0.943892 0.365385 0.941051 0.361538 0.941051 0.359615 0.940341 0.358654 0.938920 0.358654 0.937500 0.356731
0 0.051847 0.851923 0.051847 0.846154 0.050426 0.844231 0.050426 0.842308 0.049006 0.840385 0.049006 0.838462 0.048295 0.837500 0.046875 0.837500 0.045455 0.835577 0.039773 0.835577
0 0.820312 0.013462 0.819602 0.012500 0.818182 0.012500 0.816761 0.010577 0.815341 0.010577 0.811790 0.005769 0.811790 0.003846 0.811080 0.002885 0.809659 0.002885 0.808239 0.000962
0 0.945312 0.346154 0.945312 0.336538 0.943892 0.334615 0.943892 0.328846 0.943182 0.327885
0 0.938920 0.699038 0.938210 0.700000 0.938210 0.703846 0.936790 0.705769 0.936790 0.717308 0.938210 0.719231 0.936790 0.721154
0 0.011364 0.550962 0.007102 0.556731 0.004261 0.556731 0.003551 0.557692
0 0.000710 0.380769 0.002131 0.382692 0.002131 0.384615 0.003551 0.386538 0.003551 0.390385 0.006392 0.394231 0.006392 0.396154 0.008523 0.397115 0.010653 0.400000 0.010653 0.405769 0.011364 0.406731
0 0.988636 0.989423 0.989347 0.988462 0.989347 0.982692 0.991477 0.979808 0.992898 0.979808 0.995028 0.976923
0 0.724432 0.516346 0.723011 0.518269 0.721591 0.518269 0.720170 0.520192 0.717330 0.520192 0.715909 0.522115 0.714489 0.522115 0.712358 0.525000
0 0.053267 0.471154 0.053267 0.469231 0.051847 0.467308 0.051847 0.465385 0.049006 0.461538 0.049006 0.459615 0.048295 0.458654 0.046875 0.458654 0.045455 0.456731 0.044034 0.456731
0 0.710227 0.527885 0.714489 0.522115 0.715909 0.522115 0.717330 0.520192 0.720170 0.520192 0.721591 0.518269 0.723011 0.518269 0.723722 0.517308
0 0.705256 0.092308 0.704545 0.091346 0.701705 0.091346 0.698864 0.087500
0 0.132102 0.625962 0.134943 0.622115 0.137784 0.622115 0.138494 0.621154
