0 0.538352 0.404808 0.532670 0.412500 0.531250 0.412500 0.529830 0.414423 0.528409 0.414423 0.527699 0.415385
0 0.737926 0.709615 0.737216 0.708654 0.734375 0.708654 0.732955 0.706731 0.731534 0.706731 0.729403 0.703846 0.729403 0.701923 0.727983 0.700000 0.727983 0.698077 0.727273 0.697115
0 0.576705 0.800962 0.575994 0.801923 0.575994 0.803846 0.572443 0.808654 0.571023 0.808654 0.569602 0.810577 0.568182 0.810577 0.567472 0.811538
0 0.884233 0.540385 0.883523 0.539423 0.879261 0.539423 0.877841 0.537500 0.876420 0.537500 0.875710 0.536538 0.875710 0.534615 0.874290 0.532692 0.874290 0.530769 0.873580 0.529808
0 0.232244 0.569231 0.231534 0.568269 0.230114 0.568269 0.226562 0.563462 0.226562 0.561538 0.225852 0.560577
0 0.886364 0.356731 0.884943 0.356731 0.883523 0.358654 0.882102 0.358654 0.879261 0.362500 0.876420 0.362500 0.875710 0.363462
0 0.436080 0.897115 0.435369 0.898077 0.435369 0.900000 0.427557 0.910577 0.426136 0.910577 0.425426 0.911538
0 0.048295 0.222115 0.049006 0.221154 0.049006 0.219231 0.055398 0.210577 0.056818 0.210577 0.057528 0.209615
0 0.910511 0.231731 0.911222 0.230769 0.911222 0.228846 0.914773 0.224038 0.916193 0.224038 0.917614 0.222115 0.920455 0.222115 0.921165 0.221154
0 0.168324 0.957692 0.169034 0.958654 0.170455 0.958654 0.172585 0.961538 0.172585 0.963462 0.174006 0.965385 0.174006 0.967308 0.175426 0.969231 0.175426 0.975000 0.176136 0.975962
0 0.198153 0.140385 0.192472 0.132692 0.192472 0.130769 0.191761 0.129808
0 0.711648 0.777885 0.710938 0.778846 0.710938 0.780769 0.709517 0.782692 0.709517 0.784615 0.707386 0.787500 0.705966 0.787500 0.705256 0.788462
0 0.707386 0.224038 0.708097 0.223077 0.708097 0.219231 0.709517 0.217308 0.709517 0.215385 0.710227 0.214423 0.711648 0.214423 0.714489 0.210577 0.715909 0.210577 0.716619 0.209615
0 0.323864 0.766346 0.323153 0.767308 0.323153 0.769231 0.321733 0.771154 0.321733 0.773077 0.319602 0.775962 0.316761 0.775962 0.316051 0.776923
0 0.637074 0.394231 0.636364 0.393269 0.634943 0.393269 0.633523 0.391346 0.632102 0.391346 0.629972 0.388462 0.629972 0.386538 0.628551 0.384615 0.628551 0.382692 0.627841 0.381731
0 0.604403 0.971154 0.605114 0.972115 0.606534 0.972115 0.611506 0.978846 0.611506 0.980769 0.612216 0.981731
0 0.921875 0.427885 0.923295 0.425962 0.924716 0.425962 0.925426 0.425000 0.925426 0.423077 0.926847 0.421154 0.926847 0.411538 0.925426 0.409615 0.925426 0.407692 0.926847 0.405769
0 0.951705 0.120192 0.952415 0.119231 0.952415 0.115385 0.953835 0.113462 0.953835 0.111538 0.954545 0.110577 0.955966 0.110577 0.956676 0.109615
0 0.678977 0.737500 0.679688 0.736538 0.679688 0.732692 0.681108 0.730769 0.681108 0.728846 0.685369 0.723077
0 0.268466 0.152885 0.269176 0.151923 0.269176 0.148077 0.271307 0.145192 0.272727 0.145192 0.273438 0.144231
0 0.742898 0.777885 0.743608 0.776923 0.743608 0.775000 0.745739 0.772115 0.751420 0.772115 0.752131 0.771154
0 0.547585 0.469231 0.546875 0.468269 0.545455 0.468269 0.544744 0.467308 0.544744 0.465385 0.543324 0.463462 0.543324 0.461538 0.541903 0.459615 0.541903 0.457692 0.541193 0.456731
0 0.929688 0.455769 0.930398 0.456731 0.933239 0.456731 0.933949 0.457692 0.933949 0.459615 0.934659 0.460577 0.936080 0.460577 0.938210 0.463462 0.938210 0.465385 0.938920 0.466346
0 0.985795 0.674038 0.985085 0.675000 0.985085 0.680769 0.981534 0.685577 0.980114 0.685577 0.979403 0.686538
0 0.358665 0.142308 0.356534 0.139423 0.355114 0.139423 0.351562 0.134615 0.351562 0.132692 0.350852 0.131731
0 0.740057 0.472115 0.740767 0.471154 0.740767 0.469231 0.744318 0.464423 0.751420 0.464423 0.752131 0.463462
0 0.039062 0.401923 0.038352 0.400962 0.034091 0.400962 0.032670 0.399038 0.031250 0.399038 0.030540 0.398077 0.030540 0.396154 0.029119 0.394231 0.029119 0.392308 0.028409 0.391346
0 0.576705 0.829808 0.575994 0.830769 0.575994 0.832692 0.571023 0.839423 0.568182 0.839423 0.567472 0.840385
0 0.723011 0.366346 0.722301 0.367308 0.722301 0.369231 0.720881 0.371154 0.720881 0.373077 0.718750 0.375962 0.715909 0.375962 0.715199 0.376923
0 0.633523 0.747115 0.632812 0.748077 0.632812 0.751923 0.631392 0.753846 0.631392 0.755769 0.628551 0.759615
0 0.428977 0.141346 0.429688 0.140385 0.429688 0.138462 0.433239 0.133654 0.434659 0.133654 0.435369 0.132692
0 0.438920 0.206731 0.441761 0.202885 0.443182 0.202885 0.444602 0.200962 0.447443 0.200962 0.448153 0.200000
0 0.798295 0.254808 0.797585 0.255769 0.797585 0.257692 0.796165 0.259615 0.796165 0.261538 0.794034 0.264423 0.791193 0.264423 0.790483 0.265385
0 0.893466 0.875962 0.894176 0.875000 0.894176 0.873077 0.899148 0.866346 0.900568 0.866346 0.901278 0.865385
0 0.916903 0.426923 0.916193 0.425962 0.914773 0.425962 0.913352 0.424038 0.911932 0.424038 0.910511 0.422115 0.909091 0.422115 0.908381 0.421154 0.908381 0.419231 0.907670 0.418269
0 0.615767 0.851923 0.616477 0.852885 0.617898 0.852885 0.620028 0.855769 0.620028 0.857692 0.621449 0.859615 0.621449 0.863462 0.622159 0.864423
0 0.486506 0.307692 0.487216 0.308654 0.490057 0.308654 0.492188 0.311538 0.492188 0.315385 0.492898 0.316346
0 0.000000 0.729808 0.001420 0.729808 0.002841 0.727885 0.004261 0.727885 0.005682 0.725962 0.007102 0.725962 0.008523 0.724038 0.009943 0.724038 0.010653 0.723077
0 0.192472 0.580769 0.193182 0.581731 0.194602 0.581731 0.196733 0.584615 0.196733 0.586538 0.198153 0.588462 0.198153 0.590385 0.198864 0.591346
0 0.572443 0.189423 0.571733 0.190385 0.571733 0.194231 0.570312 0.196154 0.570312 0.198077 0.568182 0.200962 0.566761 0.200962 0.565341 0.202885 0.562500 0.202885 0.561790 0.203846
0 0.544744 0.871154 0.541903 0.867308 0.541903 0.865385 0.540483 0.863462 0.540483 0.859615 0.539773 0.858654
0 0.034091 0.795192 0.034801 0.794231 0.034801 0.792308 0.038352 0.787500 0.039773 0.787500 0.040483 0.786538
0 0.384233 0.221154 0.383523 0.220192 0.382102 0.220192 0.379972 0.217308 0.379972 0.215385 0.378551 0.213462 0.378551 0.209615 0.377841 0.208654
0 0.625000 0.070192 0.625710 0.069231 0.625710 0.067308 0.629972 0.061538
0 0.921165 0.323077 0.920455 0.322115 0.919034 0.322115 0.916903 0.319231 0.916903 0.317308 0.916193 0.316346
0 0.277699 0.859615 0.276989 0.858654 0.275568 0.858654 0.274148 0.856731 0.272727 0.856731 0.271307 0.854808
0 0.039773 0.174038 0.042614 0.170192 0.044034 0.170192 0.045455 0.168269 0.046875 0.168269 0.047585 0.167308
0 0.493608 0.363462 0.494318 0.364423 0.497159 0.364423 0.497869 0.365385 0.497869 0.367308 0.499290 0.369231 0.499290 0.371154 0.500710 0.373077 0.500710 0.375000 0.501420 0.375962
0 0.725852 0.239423 0.726562 0.238462 0.726562 0.236538 0.727273 0.235577 0.737216 0.235577 0.739347 0.232692
0 0.182528 0.900000 0.181818 0.899038 0.180398 0.899038 0.178267 0.896154 0.178267 0.894231 0.175426 0.890385 0.175426 0.888462 0.174716 0.887500
0 0.856534 0.572115 0.857244 0.571154 0.857244 0.567308 0.858665 0.565385 0.858665 0.563462 0.860795 0.560577 0.862216 0.560577 0.862926 0.559615
0 0.812500 0.474038 0.811790 0.475000 0.811790 0.476923 0.810369 0.478846 0.810369 0.480769 0.808239 0.483654 0.806818 0.483654 0.806108 0.484615
0 0.984375 0.454808 0.988636 0.449038 0.990057 0.449038 0.990767 0.448077
0 0.750000 0.839423 0.750710 0.838462 0.750710 0.836538 0.754261 0.831731 0.755682 0.831731 0.756392 0.830769
0 0.344460 0.026923 0.343750 0.025962 0.342330 0.025962 0.339489 0.022115 0.338068 0.022115 0.337358 0.021154 0.337358 0.019231 0.336648 0.018269
0 0.910511 0.354808 0.911222 0.353846 0.911222 0.351923 0.913352 0.349038 0.914773 0.349038 0.915483 0.348077
0 0.118608 0.534615 0.117898 0.533654 0.116477 0.533654 0.115057 0.531731 0.113636 0.531731 0.111506 0.528846 0.111506 0.526923 0.110085 0.525000 0.110085 0.521154 0.109375 0.520192
0 0.808949 0.311538 0.813210 0.317308 0.813210 0.319231 0.815341 0.322115
0 0.397017 0.917308 0.402699 0.925000 0.402699 0.926923 0.403409 0.927885
0 0.132812 0.940385 0.137074 0.946154 0.137074 0.948077 0.137784 0.949038
0 0.742188 0.463462 0.742188 0.461538 0.735795 0.452885 0.734375 0.452885 0.732955 0.450962
0 0.741477 0.468269 0.740767 0.469231 0.740767 0.471154 0.739347 0.473077 0.739347 0.475000 0.738636 0.475962 0.737216 0.475962 0.736506 0.476923
0 0.100852 0.270192 0.101562 0.269231 0.101562 0.267308 0.106534 0.260577 0.107955 0.260577 0.108665 0.259615
0 0.099432 0.160577 0.102273 0.156731 0.103693 0.156731 0.105114 0.154808 0.106534 0.154808 0.107244 0.153846
0 0.740057 0.899038 0.740767 0.898077 0.740767 0.896154 0.744318 0.891346 0.745739 0.891346 0.746449 0.890385
0 0.639205 0.579808 0.638494 0.580769 0.638494 0.586538 0.637784 0.587500 0.633523 0.587500 0.632812 0.588462
0 0.777699 0.473077 0.776989 0.472115 0.775568 0.472115 0.772017 0.467308 0.772017 0.463462 0.771307 0.462500
0 0.773438 0.482692 0.777699 0.488462 0.777699 0.490385 0.778409 0.491346
0 0.635653 0.896154 0.636364 0.897115 0.639205 0.897115 0.640625 0.899038 0.643466 0.899038 0.644176 0.900000 0.644176 0.901923 0.644886 0.902885
0 0.313210 0.340385 0.313920 0.341346 0.318182 0.341346 0.318892 0.342308 0.318892 0.344231 0.320312 0.346154 0.320312 0.348077 0.321023 0.349038
0 0.301847 0.063462 0.301136 0.062500 0.296875 0.062500 0.294744 0.059615 0.294744 0.057692 0.294034 0.056731
0 0.741477 0.224038 0.740767 0.225000 0.740767 0.226923 0.739347 0.228846 0.739347 0.230769 0.737926 0.232692 0.737926 0.234615
0 0.086648 0.447115 0.089489 0.447115 0.090909 0.449038 0.092330 0.449038 0.093750 0.447115 0.095170 0.447115 0.097301 0.444231 0.097301 0.442308
0 0.667614 0.785577 0.668324 0.784615 0.668324 0.782692 0.672585 0.776923
0 0.948153 0.457692 0.947443 0.456731 0.946023 0.456731 0.944602 0.454808 0.943182 0.454808 0.941051 0.451923 0.941051 0.450000 0.940341 0.449038
0 0.487926 0.267308 0.488636 0.268269 0.490057 0.268269 0.490767 0.269231 0.490767 0.271154 0.492188 0.273077 0.492188 0.276923 0.492898 0.277885
0 0.460938 0.644231 0.460227 0.643269 0.458807 0.643269 0.457386 0.641346 0.455966 0.641346 0.455256 0.640385 0.455256 0.638462 0.454545 0.637500
0 0.910511 0.031731 0.914773 0.025962 0.917614 0.025962 0.918324 0.025000
0 0.185369 0.980769 0.186790 0.982692 0.186790 0.984615 0.188210 0.986538 0.188210 0.990385 0.188920 0.991346
0 0.509233 0.775000 0.509943 0.775962 0.514205 0.775962 0.514915 0.776923 0.514915 0.778846 0.516335 0.780769 0.516335 0.784615 0.517045 0.785577
0 0.782670 0.566346 0.778409 0.572115 0.776989 0.572115 0.776278 0.573077
0 0.529119 0.140385 0.529830 0.141346 0.531250 0.141346 0.533381 0.144231 0.533381 0.146154 0.534801 0.148077 0.534801 0.150000 0.535511 0.150962
0 0.301847 0.303846 0.301847 0.298077 0.299716 0.295192 0.294034 0.295192 0.291193 0.291346
0 0.098011 0.441346 0.097301 0.442308 0.097301 0.444231 0.095170 0.447115 0.093750 0.447115 0.093040 0.448077
0 0.958807 0.691346 0.959517 0.690385 0.959517 0.686538 0.961648 0.683654 0.963068 0.683654 0.963778 0.682692
0 0.544744 0.500000 0.545455 0.500962 0.546875 0.500962 0.548295 0.502885
0 0.469460 0.488462 0.468040 0.490385 0.468040 0.494231 0.469460 0.496154 0.469460 0.500000 0.470170 0.500962
0 0.473722 0.503846 0.473011 0.502885 0.471591 0.502885 0.469460 0.500000 0.469460 0.496154 0.468750 0.495192
0 0.082386 0.549038 0.085227 0.549038 0.088778 0.544231 0.088778 0.540385
0 0.427557 0.835577 0.428977 0.833654 0.430398 0.835577 0.436080 0.835577 0.438210 0.832692
0 0.528409 0.508654 0.529119 0.507692 0.529119 0.503846 0.530540 0.501923
0 0.440341 0.825962 0.439631 0.826923 0.439631 0.828846 0.438210 0.830769 0.438210 0.832692 0.436790 0.834615
0 0.008523 0.191346 0.007812 0.192308 0.007812 0.194231 0.006392 0.196154
0 0.000000 0.197115 0.001420 0.197115 0.002131 0.196154
