0 0.662642 0.005769 0.714489 0.018269 0.735085 0.042308 0.737926 0.069231 0.753551 0.096154 0.747869 0.138462 0.758523 0.183654
0 0.065341 0.339423 0.089489 0.316346 0.083097 0.367308 0.086648 0.377885 0.102273 0.387500 0.106534 0.364423 0.116477 0.377885 0.120739 0.360577 0.134233 0.359615 0.129261 0.339423 0.149148 0.354808 0.148438 0.328846 0.164773 0.310577 0.178267 0.309615
0 0.889205 0.397115 0.870739 0.443269 0.869318 0.427885 0.852983 0.432692 0.861506 0.480769 0.856534 0.500962 0.837358 0.492308 0.824574 0.444231 0.815341 0.443269 0.796165 0.461538 0.786222 0.515385 0.762784 0.527885 0.745739 0.520192 0.747869 0.544231 0.737926 0.557692
0 0.823864 0.664423 0.825994 0.630769 0.833807 0.622115 0.848722 0.617308 0.847301 0.592308 0.852983 0.553846 0.882812 0.544231
0 0.845881 0.807692 0.809659 0.775962 0.795455 0.779808 0.776989 0.754808 0.747159 0.741346 0.846591 0.720192 0.831676 0.748077 0.831676 0.767308
0 0.137784 0.649038 0.100142 0.671154 0.094460 0.692308 0.096591 0.733654 0.069602 0.729808 0.049716 0.758654 0.029119 0.769231
0 0.209517 0.834615 0.195312 0.825000 0.193892 0.775000 0.165483 0.744231 0.182528 0.705769 0.179688 0.684615 0.164773 0.662500 0.136364 0.654808
0 0.407670 0.339423 0.412642 0.323077 0.411222 0.311538 0.429688 0.278846 0.435369 0.226923 0.477983 0.201923
0 0.351562 0.065385 0.368608 0.086538 0.358665 0.098077 0.364347 0.101923 0.358665 0.125000 0.380682 0.133654 0.401278 0.171154 0.401278 0.203846 0.414062 0.230769 0.428977 0.245192
0 0.164773 0.483654 0.171165 0.467308 0.171165 0.442308 0.181108 0.428846 0.185369 0.409615 0.185369 0.396154 0.191051 0.388462
0 0.862926 0.357692 0.845170 0.347115 0.833097 0.319231 0.825284 0.310577 0.818182 0.312500 0.809659 0.324038 0.801136 0.320192 0.784091 0.285577
0 0.539062 0.509615 0.540483 0.534615 0.536222 0.553846 0.549716 0.570192 0.558239 0.570192 0.564631 0.584615 0.551136 0.589423 0.535511 0.581731 0.529119 0.588462 0.565341 0.604808
0 0.029119 0.688462 0.006392 0.746154 0.004972 0.811538 0.019886 0.833654 0.039773 0.843269 0.088068 0.824038 0.088778 0.840385 0.069602 0.849038 0.060369 0.878846 0.096591 0.924038
0 0.426136 0.731731 0.450994 0.698077 0.456676 0.682692 0.459517 0.657692 0.468040 0.632692
0 0.520597 0.675000 0.529119 0.688462 0.524858 0.698077 0.534091 0.725962 0.556818 0.722115 0.571023 0.739423
0 0.001420 0.493269 0.007812 0.486538 0.019176 0.450000 0.037642 0.428846 0.049006 0.400000 0.061790 0.388462 0.068892 0.355769
0 0.755682 0.666346 0.745028 0.713462 0.752131 0.725000 0.730824 0.740385 0.726562 0.759615 0.732244 0.769231 0.732244 0.776923 0.726562 0.782692
0 0.762074 0.532692 0.779119 0.565385 0.791193 0.577885 0.803977 0.579808 0.823864 0.568269 0.827415 0.575000 0.829545 0.593269
0 0.973011 0.212500 0.972301 0.226923 0.963068 0.250962 0.953125 0.252885 0.938920 0.245192 0.921875 0.243269 0.884233 0.257692
0 0.543324 0.998077 0.529119 0.951923 0.519176 0.942308 0.514205 0.966346 0.507102 0.966346 0.502131 0.959615 0.497869 0.944231 0.502131 0.913462 0.491477 0.883654
0 0.230114 0.879808 0.260653 0.834615 0.263494 0.817308 0.270597 0.803846 0.287642 0.788462 0.291903 0.753846
0 0.411222 0.444231 0.397017 0.432692 0.394176 0.425000 0.394176 0.407692 0.384943 0.393269 0.374290 0.382692 0.369318 0.370192
0 0.851562 0.928846 0.838778 0.923077 0.833097 0.896154 0.811080 0.872115 0.789773 0.872115 0.774148 0.860577
0 0.423295 0.570192 0.431108 0.559615 0.442472 0.532692 0.438210 0.500000 0.426847 0.478846 0.430398 0.464423 0.441051 0.461538
0 0.917614 0.322115 0.911222 0.336538 0.906250 0.343269 0.899858 0.348077 0.895597 0.363462 0.888494 0.371154
0 0.196023 0.350962 0.206676 0.336538 0.208097 0.311538 0.200994 0.301923 0.202415 0.296154 0.211648 0.283654 0.223011 0.279808 0.232244 0.263462 0.235085 0.248077 0.240767 0.244231
0 0.506392 0.998077 0.485795 0.979808 0.465909 0.979808 0.460227 0.985577 0.449574 0.969231 0.453835 0.951923 0.428977 0.897115
0 0.425426 0.148077 0.421165 0.119231 0.411932 0.104808 0.356534 0.058654 0.343750 0.068269 0.330966 0.039423 0.311080 0.027885
0 0.605824 0.917308 0.629972 0.946154 0.633523 0.958654
0 0.000710 0.953846 0.007102 0.968269 0.026989 0.954808 0.032670 0.962500 0.039773 0.964423 0.045455 0.975962 0.055398 0.977885 0.068182 0.987500
0 0.031250 0.249038 0.026278 0.263462 0.021307 0.270192 0.012784 0.275962 0.010653 0.278846 0.010653 0.280769
0 0.980824 0.855769 0.976562 0.838462 0.970881 0.830769 0.970881 0.828846 0.968750 0.824038
0 0.650568 0.306731 0.646307 0.314423 0.643466 0.312500 0.637784 0.316346 0.634233 0.321154 0.634233 0.325000 0.631392 0.330769 0.623580 0.341346 0.617188 0.344231
0 0.850852 0.189423 0.853693 0.185577 0.865057 0.191346 0.872159 0.189423 0.877841 0.185577 0.887784 0.168269 0.895597 0.163462
0 0.850142 0.215385 0.826705 0.200962 0.811080 0.174038
0 0.801136 0.006731 0.799716 0.006731 0.798295 0.008654 0.794034 0.008654 0.792614 0.010577 0.789773 0.010577 0.788352 0.012500 0.784091 0.012500 0.782670 0.014423 0.779830 0.014423 0.775568 0.018269 0.772017 0.019231
0 0.164062 0.017308 0.163352 0.016346 0.159091 0.016346 0.157670 0.014423 0.151989 0.014423 0.150568 0.012500 0.146307 0.010577 0.139205 0.002885
0 0.299716 0.345192 0.301847 0.344231 0.301847 0.342308 0.300426 0.340385 0.300426 0.332692 0.301847 0.330769 0.303267 0.325000 0.308239 0.318269 0.310369 0.317308
0 0.870739 0.439423 0.870028 0.440385 0.870028 0.446154 0.868608 0.448077 0.868608 0.450000 0.866477 0.452885 0.863636 0.452885 0.862926 0.453846
