0 0.827415 0.253846 0.807528 0.232692 0.782670 0.189423 0.762074 0.190385 0.757812 0.165385 0.736506 0.121154 0.728693 0.087500
0 0.468040 0.984615 0.452415 0.965385 0.452415 0.951923 0.477983 0.936538 0.472301 0.900000 0.441051 0.867308 0.428977 0.837500 0.396307 0.825962
0 0.708097 0.857692 0.715909 0.877885 0.745739 0.858654 0.766335 0.882692 0.753551 0.934615 0.769886 0.952885 0.803977 0.945192 0.838068 0.864423 0.844460 0.873077 0.818892 0.944231 0.826705 0.960577 0.846591 0.954808 0.849432 0.968269
0 0.183949 0.153846 0.218040 0.157692 0.222301 0.192308 0.235085 0.219231 0.262074 0.238462 0.262074 0.251923 0.244318 0.254808 0.235085 0.276923 0.245739 0.285577 0.259943 0.277885 0.262784 0.285577
0 0.137784 0.372115 0.130682 0.381731 0.114347 0.390385 0.114347 0.401923 0.122869 0.421154 0.121449 0.444231 0.112216 0.456731 0.086648 0.454808 0.083097 0.461538
0 0.387074 0.059615 0.417614 0.085577 0.443182 0.075962 0.460227 0.079808 0.475852 0.095192 0.492898 0.093269 0.504261 0.112500 0.507812 0.103846 0.500710 0.082692 0.514205 0.066346 0.528409 0.064423
0 0.538352 0.424038 0.563920 0.420192 0.575994 0.390385 0.571733 0.378846 0.588068 0.377885 0.598722 0.403846 0.625710 0.434615 0.644886 0.474038
0 0.204545 0.416346 0.227273 0.410577 0.242188 0.421154 0.229403 0.353846 0.246449 0.338462 0.246449 0.326923 0.237926 0.313462 0.260653 0.290385
0 0.609375 0.374038 0.616477 0.358654 0.623580 0.358654 0.628551 0.351923 0.628551 0.338462 0.633523 0.331731 0.646307 0.327885 0.671875 0.300962 0.691051 0.298077
0 0.888494 0.376923 0.892045 0.397115 0.910511 0.397115 0.915483 0.405769 0.912642 0.421154 0.901989 0.425962 0.900568 0.435577 0.919034 0.447115 0.965909 0.458654 0.911222 0.350000 0.921875 0.358654
0 0.747869 0.301923 0.754261 0.306731 0.758523 0.316346 0.808239 0.350962 0.819602 0.362500 0.821023 0.368269
0 0.299006 0.151923 0.304688 0.155769 0.300426 0.165385 0.300426 0.180769 0.311080 0.193269 0.323864 0.199038 0.335227 0.197115 0.345881 0.203846 0.337358 0.221154 0.359375 0.260577
0 0.992898 0.758654 0.977273 0.783654 0.936080 0.791346 0.902699 0.817308
0 0.642756 0.201923 0.661932 0.218269 0.678977 0.245192 0.698864 0.254808 0.714489 0.268269
0 0.171875 0.637500 0.190341 0.616346 0.257102 0.604808 0.277699 0.586538
0 0.531960 0.275000 0.541903 0.296154 0.551136 0.302885 0.573864 0.297115 0.583807 0.287500 0.589489 0.295192 0.602273 0.287500 0.608665 0.292308 0.622869 0.334615 0.627841 0.339423
0 0.148438 0.525000 0.137074 0.500000 0.137074 0.480769 0.145597 0.461538 0.147017 0.432692 0.137784 0.422115 0.120739 0.420192 0.115057 0.402885
0 0.232955 0.135577 0.238636 0.124038 0.261364 0.114423 0.274858 0.115385 0.281960 0.067308 0.293324 0.042308 0.293324 0.030769 0.300426 0.025000
0 0.954545 0.466346 0.945312 0.480769 0.945312 0.498077 0.950994 0.511538 0.949574 0.530769 0.924716 0.545192 0.902699 0.550000
0 0.177557 0.066346 0.183949 0.061538 0.190341 0.045192 0.196023 0.043269 0.201705 0.052885 0.205966 0.052885 0.208097 0.050000 0.205966 0.037500 0.217330 0.039423 0.236506 0.019231
0 0.932528 0.294231 0.929688 0.267308 0.936790 0.225000 0.907670 0.216346 0.898438 0.192308 0.889205 0.185577
0 0.640625 0.625962 0.638494 0.632692 0.625000 0.649038 0.623580 0.647115 0.571733 0.682692
0 0.762074 0.215385 0.779119 0.271154 0.792614 0.291346 0.817472 0.311538 0.829545 0.347115
0 0.490767 0.705769 0.494318 0.714423 0.518466 0.731731 0.563920 0.729808 0.603693 0.741346 0.610795 0.756731
0 0.182528 0.267308 0.192472 0.292308 0.204545 0.306731 0.232244 0.311538 0.220881 0.332692 0.219460 0.348077 0.229403 0.353846 0.235795 0.391346
0 0.632102 0.793269 0.635653 0.786538 0.638494 0.769231 0.655540 0.750000 0.669744 0.715385 0.678267 0.707692
0 0.436790 0.590385 0.432528 0.563462 0.419034 0.541346 0.389205 0.518269 0.370739 0.518269 0.367898 0.508654 0.355114 0.510577 0.340909 0.502885
0 0.485085 0.684615 0.474432 0.670192 0.461648 0.670192 0.453125 0.656731 0.441761 0.654808 0.423295 0.675962 0.412642 0.667308 0.410511 0.656731
0 0.110795 0.487500 0.106534 0.493269 0.063920 0.522115 0.043324 0.542308
0 0.821023 0.362500 0.838778 0.346154 0.838778 0.282692 0.835938 0.269231 0.840199 0.257692 0.840199 0.242308 0.834517 0.225000 0.837358 0.219231
0 0.898438 0.832692 0.911932 0.835577 0.925426 0.853846 0.941051 0.898077 0.953835 0.907692 0.943892 0.915385 0.942472 0.928846 0.961648 0.927885 0.967330 0.941346
0 0.544744 0.169231 0.522017 0.125000 0.527699 0.096154 0.541903 0.065385 0.550426 0.055769
0 0.817472 0.588462 0.827415 0.603846 0.825994 0.625000 0.835227 0.639423 0.857955 0.641346 0.862926 0.636538 0.865767 0.621154 0.873580 0.620192 0.906250 0.643269 0.910511 0.660577
0 0.503551 0.111538 0.493608 0.096154 0.489347 0.082692 0.480114 0.074038 0.471591 0.072115 0.460227 0.079808 0.434659 0.074038 0.431818 0.064423
0 0.678977 0.558654 0.686790 0.540385 0.708097 0.513462 0.707386 0.491346 0.725852 0.493269 0.773438 0.440385
0 0.921165 0.232692 0.929688 0.246154 0.932528 0.307692 0.955966 0.350962
0 0.628551 0.005769 0.636364 0.008654 0.638494 0.013462 0.641335 0.071154 0.646307 0.093269
0 0.451705 0.154808 0.421165 0.194231 0.416193 0.172115 0.401989 0.172115 0.390625 0.154808 0.377841 0.152885 0.367898 0.160577 0.365767 0.142308 0.338778 0.080769 0.363636 0.089423 0.384943 0.083654 0.392045 0.099038 0.418324 0.123077 0.426136 0.147115 0.443182 0.139423
0 0.376420 0.566346 0.357955 0.593269 0.332386 0.602885 0.311790 0.619231
0 0.318892 0.042308 0.357244 0.123077 0.368608 0.161538 0.357955 0.166346 0.355824 0.176923 0.377841 0.179808 0.383523 0.187500
0 0.975852 0.018269 0.965909 0.024038 0.948864 0.024038 0.941761 0.016346 0.930398 0.016346 0.924006 0.034615 0.909801 0.048077 0.911222 0.082692 0.916903 0.105769 0.915483 0.121154
0 0.501420 0.220192 0.498580 0.227885 0.481534 0.235577 0.441761 0.233654 0.433239 0.254808 0.411222 0.263462
0 0.858665 0.825000 0.864347 0.830769 0.889915 0.896154 0.892756 0.932692 0.897727 0.949038
0 0.278409 0.783654 0.288352 0.770192 0.303977 0.772115 0.311080 0.766346 0.320312 0.748077 0.321733 0.721154 0.335227 0.720192 0.337358 0.707692 0.346591 0.697115 0.366477 0.704808 0.395597 0.676923
0 0.279830 0.583654 0.296165 0.555769 0.303267 0.525000 0.297585 0.482692 0.283381 0.469231 0.281960 0.428846 0.286222 0.423077
0 0.830256 0.350000 0.817472 0.311538 0.792614 0.291346 0.779119 0.271154 0.761364 0.214423
0 0.401989 0.993269 0.414773 0.979808 0.431818 0.985577 0.441761 0.966346 0.455966 0.968269 0.468750 0.985577 0.490057 0.987500 0.497869 0.967308 0.522017 0.932692
0 0.794744 0.661538 0.774148 0.650962 0.769886 0.637500 0.758523 0.637500 0.757812 0.628846 0.748580 0.622115 0.721591 0.627885 0.697443 0.579808
0 0.494318 0.683654 0.496449 0.682692 0.498580 0.662500 0.509943 0.656731 0.512784 0.650962 0.542614 0.645192 0.549006 0.636538
0 0.718040 0.725000 0.712358 0.721154 0.705256 0.694231 0.699574 0.651923 0.685369 0.623077 0.661932 0.595192 0.640625 0.604808 0.632102 0.595192
0 0.730824 0.225000 0.718750 0.220192 0.710938 0.207692 0.709517 0.200000 0.715199 0.198077 0.715199 0.190385 0.705256 0.180769 0.705256 0.169231 0.698864 0.141346
0 0.667614 0.885577 0.659801 0.903846 0.661222 0.913462 0.657670 0.922115 0.632102 0.904808 0.596591 0.887500
0 0.705256 0.246154 0.689631 0.207692 0.667614 0.185577 0.644886 0.185577 0.616477 0.168269 0.600852 0.150962
0 0.668324 0.992308 0.668324 0.971154 0.649148 0.956731 0.619318 0.916346 0.611506 0.921154 0.605824 0.948077 0.593750 0.952885 0.572443 0.889423 0.664062 0.998077
0 0.377131 0.050000 0.375710 0.032692 0.367898 0.025962 0.362216 0.025962 0.356534 0.010577 0.342330 0.010577 0.330256 0.021154 0.330256 0.026923 0.338778 0.046154 0.346591 0.052885 0.355114 0.050962 0.373580 0.052885
0 0.263494 0.892308 0.273438 0.907692 0.270597 0.930769 0.278409 0.950962 0.299716 0.968269 0.313920 0.968269 0.328125 0.950962 0.333097 0.955769 0.339489 0.981731
0 0.059659 0.056731 0.051847 0.076923 0.051847 0.105769 0.041903 0.151923 0.022727 0.170192 0.006392 0.178846
0 0.782670 0.841346 0.784801 0.832692 0.801136 0.806731 0.815341 0.802885 0.827415 0.792308 0.830256 0.784615 0.830256 0.761538 0.833097 0.755769
0 0.370739 0.431731 0.373580 0.408654 0.423295 0.408654 0.440341 0.397115 0.443892 0.386538 0.449574 0.382692
0 0.682528 0.828846 0.702415 0.855769 0.698153 0.880769 0.706676 0.901923 0.711648 0.924038
0 0.561790 0.480769 0.583807 0.504808 0.591619 0.519231 0.593040 0.534615 0.588778 0.544231 0.588778 0.567308 0.593750 0.581731
0 0.159091 0.570192 0.129972 0.617308 0.132812 0.642308 0.124290 0.655769 0.127131 0.700000 0.124290 0.711538 0.117188 0.715385
0 0.708807 0.506731 0.705256 0.519231 0.686790 0.540385 0.678267 0.559615 0.677557 0.566346 0.658381 0.571154
0 0.222301 0.909615 0.220881 0.901923 0.223722 0.882692 0.227983 0.873077 0.226562 0.857692 0.223011 0.850962 0.203125 0.845192 0.183239 0.856731 0.170455 0.852885
0 0.904830 0.143269 0.916903 0.117308 0.911222 0.082692 0.909801 0.048077 0.924006 0.034615 0.929688 0.017308
0 0.720881 0.492308 0.664773 0.449038 0.644886 0.445192 0.633523 0.450962 0.622869 0.428846 0.598722 0.403846 0.592330 0.385577
0 0.674716 0.679808 0.666903 0.711538 0.669744 0.717308 0.664062 0.732692 0.656250 0.727885 0.648438 0.736538 0.643466 0.747115 0.635653 0.750000
0 0.843040 0.759615 0.835938 0.732692 0.817472 0.721154 0.813210 0.671154 0.779119 0.617308 0.737216 0.568269
0 0.830966 0.016346 0.815341 0.016346 0.754261 0.039423 0.730114 0.064423 0.705256 0.076923
0 0.923295 0.154808 0.964489 0.139423 0.980114 0.125962 0.987926 0.105769 0.996449 0.098077
0 0.588778 0.294231 0.583097 0.269231 0.585938 0.230769 0.578835 0.221154 0.577415 0.186538 0.562500 0.175962
0 0.918324 0.932692 0.927557 0.943269 0.937500 0.947115 0.967330 0.945192 0.977273 0.966346
0 0.972301 0.998077 0.970881 0.988462 0.977983 0.975000 0.977983 0.967308 0.968040 0.946154 0.965199 0.932692 0.961648 0.927885 0.947443 0.931731 0.943182 0.929808
0 0.919034 0.141346 0.928977 0.137500 0.941051 0.119231 0.955966 0.083654 0.971591 0.070192 0.982244 0.067308
0 0.550426 0.301923 0.541903 0.296154 0.542614 0.289423 0.562500 0.289423 0.568892 0.280769 0.566051 0.238462 0.541903 0.219231 0.540483 0.173077 0.507102 0.114423
0 0.009233 0.801923 0.024148 0.810577 0.036222 0.828846 0.044034 0.849038
0 0.190341 0.558654 0.206676 0.536538 0.205256 0.507692 0.225852 0.491346 0.235795 0.466346 0.256392 0.459615
0 0.105114 0.987500 0.110085 0.975000 0.139205 0.958654 0.149148 0.960577 0.153409 0.956731 0.162642 0.938462 0.166903 0.921154
0 0.667614 0.845192 0.659091 0.854808 0.650568 0.850962 0.616477 0.849038 0.607244 0.855769 0.602983 0.873077 0.597301 0.880769
0 0.409801 0.000000 0.438920 0.018269 0.443182 0.018269 0.448864 0.014423 0.453835 0.000000
0 0.901278 0.969231 0.904830 0.972115 0.931818 0.979808 0.937500 0.983654 0.948864 0.997115
0 0.030540 0.673077 0.034801 0.676923 0.037642 0.690385 0.039062 0.736538 0.041193 0.745192
0 0.142045 0.545192 0.143466 0.537500 0.166193 0.533654 0.176136 0.525962 0.190341 0.520192 0.195312 0.511538
0 0.200994 0.051923 0.187500 0.024038 0.167614 0.031731 0.149148 0.025962 0.142756 0.021154 0.136364 0.000962
0 0.073864 0.954808 0.083807 0.949038 0.088068 0.952885 0.116477 0.956731 0.127131 0.944231
0 0.392756 0.209615 0.387074 0.200000 0.384233 0.188462 0.377841 0.179808 0.373580 0.179808 0.372159 0.177885 0.356534 0.177885
0 0.968040 0.465385 0.968750 0.466346 0.971591 0.466346 0.973011 0.468269 0.975852 0.468269 0.977273 0.466346 0.978693 0.468269 0.982955 0.470192 0.986506 0.475000 0.987216 0.477885
0 0.313920 0.014423 0.311080 0.025962 0.308239 0.025962 0.306818 0.024038 0.301136 0.024038 0.295455 0.027885 0.292614 0.033654 0.289773 0.031731 0.284801 0.040385
0 0.845881 0.588462 0.846591 0.589423 0.850852 0.589423 0.864347 0.607692 0.865057 0.610577
0 0.381392 0.919231 0.387784 0.922115 0.395597 0.936538 0.394176 0.967308 0.401989 0.995192
0 0.022017 0.000000 0.031250 0.004808 0.048295 0.006731 0.058239 0.012500 0.076705 0.002885 0.083807 0.012500
0 0.343750 0.300962 0.344460 0.286538 0.345881 0.282692 0.349432 0.277885 0.350852 0.277885 0.360795 0.262500 0.362926 0.261538
0 0.000000 0.597115 0.015625 0.599038 0.022727 0.595192 0.028409 0.595192 0.037642 0.609615 0.034091 0.612500 0.026989 0.612500 0.015625 0.616346 0.008523 0.622115 0.006392 0.626923
0 0.269886 0.002885 0.269176 0.007692 0.262784 0.018269 0.259943 0.020192 0.237216 0.018269 0.232955 0.020192 0.223011 0.035577 0.218040 0.038462
0 0.707386 0.052885 0.706676 0.053846 0.706676 0.057692 0.705256 0.059615 0.703835 0.065385 0.700284 0.070192 0.698864 0.070192 0.694602 0.074038 0.691761 0.074038 0.691051 0.075000
0 0.738636 0.672115 0.749290 0.657692 0.750710 0.651923 0.756392 0.644231 0.757812 0.638462
0 0.968040 0.559615 0.963068 0.556731 0.952415 0.542308 0.952415 0.540385 0.950994 0.538462 0.950994 0.532692 0.950284 0.531731
0 0.340199 0.676923 0.336648 0.675962 0.332386 0.670192 0.330966 0.670192 0.325284 0.664423 0.321023 0.664423 0.317472 0.659615 0.316761 0.656731
0 0.003551 0.550000 0.022727 0.572115 0.044034 0.585577 0.051847 0.598077 0.052557 0.604808
0 0.348011 0.641346 0.343750 0.641346 0.342330 0.643269 0.329545 0.643269 0.328835 0.644231
0 0.345881 0.051923 0.342330 0.049038 0.340909 0.049038 0.338778 0.046154 0.337358 0.040385 0.334517 0.036538 0.334517 0.034615 0.331676 0.030769 0.330966 0.027885
0 0.758523 0.635577 0.756392 0.644231 0.750710 0.651923 0.749290 0.657692 0.747159 0.660577 0.745028 0.661538
0 0.220170 0.337500 0.220881 0.336538 0.220881 0.332692 0.222301 0.330769 0.222301 0.328846 0.223722 0.326923 0.223722 0.325000 0.227273 0.320192 0.228693 0.320192 0.229403 0.319231 0.229403 0.317308 0.230824 0.315385 0.230824 0.313462
0 0.967330 0.460577 0.974432 0.454808 0.981534 0.452885 0.985085 0.448077 0.990767 0.432692 0.990767 0.425000 0.997869 0.411538
0 0.019886 0.666346 0.016335 0.675000 0.016335 0.682692 0.012074 0.690385 0.012074 0.711538 0.007812 0.715385
0 0.368608 0.026923 0.369318 0.027885 0.370739 0.027885 0.372159 0.029808 0.373580 0.029808 0.375710 0.032692 0.375710 0.034615 0.376420 0.035577
0 0.664062 0.967308 0.664773 0.968269 0.666193 0.968269 0.668324 0.971154 0.668324 0.973077 0.669744 0.975000 0.669744 0.976923 0.670455 0.977885
