0 0.835938 0.153846 0.893466 0.197115 0.898438 0.178846 0.871449 0.132692 0.893466 0.147115 0.906250 0.183654 0.919744 0.178846 0.928977 0.220192 0.941761 0.224038 0.970170 0.264423 0.990057 0.262500 0.998580 0.274038
0 0.436790 0.265385 0.404830 0.233654 0.394176 0.240385 0.394886 0.262500 0.340909 0.224038 0.305398 0.235577 0.314631 0.182692 0.288352 0.137500 0.204545 0.133654
0 0.909091 0.608654 0.914773 0.624038 0.941761 0.633654 0.945312 0.646154 0.937500 0.660577 0.921875 0.650962 0.912642 0.663462 0.956676 0.805769 0.957386 0.841346 0.835227 0.718269
0 0.409801 0.623077 0.376420 0.599038 0.375000 0.614423 0.363636 0.585577 0.284091 0.514423 0.224432 0.504808
0 0.460938 0.621154 0.448153 0.586538 0.436790 0.578846 0.431818 0.562500 0.410511 0.541346 0.356534 0.506731
0 0.754261 0.552885 0.776989 0.529808 0.813920 0.547115 0.852273 0.525962 0.887784 0.531731 0.899858 0.521154
0 0.485795 0.920192 0.421875 0.879808 0.411932 0.864423 0.404119 0.869231 0.394176 0.838462 0.400568 0.822115 0.422585 0.807692 0.417614 0.781731 0.430398 0.818269 0.433949 0.773077 0.492898 0.904808
0 0.377131 0.600000 0.397017 0.619231 0.391335 0.651923 0.415483 0.753846 0.416903 0.794231 0.421875 0.806731
0 0.168324 0.207692 0.134943 0.185577 0.122159 0.191346 0.106534 0.187500 0.101562 0.146154 0.082386 0.122115 0.068182 0.116346
0 0.888494 0.015385 0.916193 0.060577 0.948864 0.085577 0.957386 0.104808
0 0.399148 0.833654 0.392045 0.837500 0.359375 0.827885 0.343750 0.841346 0.328835 0.882692 0.311080 0.908654 0.297585 0.911538 0.293324 0.932692
0 0.911932 0.602885 0.889915 0.628846 0.882812 0.653846 0.850142 0.703846 0.814631 0.734615 0.811790 0.753846
0 0.198864 0.458654 0.156250 0.462500 0.149148 0.447115 0.136364 0.443269 0.117188 0.450000 0.117898 0.475962 0.098011 0.481731 0.072443 0.450962 0.046875 0.441346
0 0.010653 0.542308 0.102273 0.562500 0.122159 0.549038 0.132102 0.549038 0.134943 0.556731
0 0.156960 0.948077 0.152699 0.925000 0.132102 0.897115 0.122869 0.892308 0.134233 0.884615 0.130682 0.877885 0.120028 0.878846 0.129261 0.874038 0.129261 0.868269 0.080966 0.879808
0 0.276278 0.446154 0.224432 0.418269 0.170455 0.358654 0.149148 0.356731 0.130682 0.343269 0.107955 0.343269
0 0.412642 0.865385 0.421875 0.879808 0.450284 0.899038 0.468750 0.904808 0.477983 0.915385 0.485795 0.937500
0 0.453835 0.813462 0.442472 0.782692 0.446733 0.761538 0.443892 0.680769 0.411932 0.625962
0 0.559659 0.181731 0.547585 0.192308 0.546165 0.213462 0.544034 0.216346 0.541193 0.210577 0.528409 0.222115 0.506392 0.259615
0 0.245739 0.474038 0.258523 0.472115 0.267045 0.477885 0.284091 0.475962 0.311080 0.447115 0.325994 0.440385
0 0.063920 0.825962 0.102273 0.806731 0.125710 0.775000 0.108665 0.730769 0.088068 0.702885 0.071733 0.694231 0.068892 0.676923 0.078835 0.673077
0 0.507812 0.259615 0.507812 0.269231 0.514915 0.290385 0.539773 0.316346 0.545455 0.331731 0.552557 0.337500 0.562500 0.337500
0 0.512784 0.489423 0.519886 0.487500 0.526278 0.478846 0.531960 0.451923 0.529830 0.441346 0.519176 0.438462 0.522727 0.429808 0.551136 0.431731 0.583097 0.419231
0 0.990057 0.889423 0.982955 0.897115 0.967330 0.889423 0.950284 0.891346 0.933239 0.902885 0.909801 0.930769 0.885653 0.975000
0 0.456676 0.000000 0.474432 0.006731 0.482244 0.023077 0.477983 0.026923 0.483665 0.038462 0.476562 0.042308 0.475142 0.051923 0.479403 0.067308 0.492898 0.089423
0 0.192472 0.750000 0.216619 0.771154 0.241477 0.820192
0 0.106534 0.345192 0.094460 0.384615 0.085227 0.393269 0.078125 0.393269 0.075994 0.407692 0.069602 0.416346 0.043324 0.438462
0 0.167614 0.000962 0.154830 0.035577 0.113636 0.035577 0.083807 0.074038 0.068892 0.048077 0.066761 0.016346 0.052557 0.043269 0.046165 0.040385 0.042614 0.027885
0 0.794744 0.057692 0.838068 0.091346 0.843750 0.087500 0.867188 0.113462 0.871449 0.134615 0.899148 0.183654
0 0.669744 0.494231 0.674006 0.500000 0.675426 0.521154 0.681108 0.536538 0.693892 0.557692 0.705966 0.568269 0.721591 0.575962
0 0.761364 0.152885 0.775568 0.168269 0.783381 0.165385 0.784091 0.152885 0.791193 0.177885 0.805398 0.175962 0.810369 0.180769 0.813210 0.190385 0.808949 0.205769 0.808949 0.223077 0.813920 0.237500 0.758523 0.162500
0 0.694602 0.335577 0.730114 0.287500 0.758523 0.270192 0.762074 0.263462
0 0.483665 0.040385 0.505682 0.066346 0.534091 0.054808 0.536222 0.098077 0.544744 0.123077 0.579545 0.154808 0.623580 0.177885
0 0.595170 0.643269 0.600142 0.636538 0.597301 0.634615 0.595881 0.628846 0.597301 0.621154 0.619318 0.599038 0.628551 0.584615
0 0.436790 0.776923 0.420455 0.760577 0.408381 0.738462 0.392045 0.652885
0 0.608665 0.861538 0.602983 0.857692 0.600142 0.846154 0.615767 0.809615 0.617188 0.798077 0.600852 0.772115 0.592330 0.766346 0.582386 0.766346 0.575284 0.750962
0 0.551847 0.336538 0.543324 0.328846 0.535511 0.306731 0.526989 0.302885 0.514915 0.290385 0.508523 0.270192
0 0.208097 0.484615 0.234375 0.514423 0.252841 0.524038 0.272727 0.520192 0.286932 0.529808 0.310369 0.561538 0.311790 0.573077 0.301136 0.583654 0.284091 0.574038 0.283381 0.584615 0.313920 0.612500 0.316761 0.624038
0 0.185369 0.900000 0.186790 0.907692 0.195312 0.917308 0.208097 0.950000 0.223011 0.960577 0.230114 0.960577 0.235795 0.970192
0 0.358665 0.717308 0.339489 0.683654 0.313210 0.657692 0.317472 0.640385 0.314631 0.613462 0.284091 0.585577
0 0.282670 0.754808 0.274858 0.780769 0.276278 0.788462 0.270597 0.794231 0.267756 0.807692 0.262784 0.806731 0.260653 0.815385 0.257102 0.814423 0.252131 0.823077 0.252131 0.836538 0.249290 0.842308
0 0.275568 0.779808 0.281960 0.755769 0.294034 0.747115 0.304688 0.730769 0.320312 0.665385
0 0.319602 0.674038 0.314631 0.694231 0.310369 0.701923 0.310369 0.713462 0.304688 0.730769 0.289062 0.751923
0 0.916193 0.966346 0.927557 0.958654 0.936790 0.944231 0.945312 0.921154 0.942472 0.901923 0.946733 0.898077
0 0.280540 0.271154 0.273438 0.261538 0.272017 0.200000 0.263494 0.180769 0.259943 0.164423
0 0.097301 0.225000 0.100852 0.225962 0.103693 0.231731 0.117188 0.244231 0.129972 0.267308 0.137784 0.289423
0 0.761364 0.266346 0.730114 0.287500 0.688210 0.342308
0 0.265625 0.000962 0.259233 0.015385 0.258523 0.031731 0.207386 0.025962 0.180398 0.037500 0.175426 0.051923
0 0.018466 0.885577 0.024148 0.895192 0.035511 0.891346 0.040483 0.880769 0.032670 0.868269 0.048295 0.883654 0.092330 0.879808 0.129261 0.868269 0.129261 0.874038 0.111506 0.884615 0.126420 0.877885 0.133523 0.883654
0 0.313920 0.024038 0.311790 0.030769 0.311790 0.044231 0.301847 0.063462 0.300426 0.078846 0.303267 0.084615 0.291193 0.100962 0.287642 0.101923
0 0.383523 0.004808 0.374290 0.048077 0.366477 0.062500 0.350852 0.074038 0.328125 0.062500 0.311790 0.086538
0 0.686080 0.839423 0.689631 0.832692 0.689631 0.801923 0.698864 0.787500 0.737216 0.775962 0.766335 0.751923
0 0.580966 0.929808 0.592330 0.927885 0.606534 0.958654 0.640625 0.958654 0.677557 0.937500 0.693892 0.909615
0 0.298295 0.831731 0.281960 0.863462 0.279830 0.877885 0.265625 0.883654 0.236506 0.913462
0 0.689631 0.800000 0.685369 0.786538 0.664062 0.765385 0.665483 0.734615 0.659091 0.706731
0 0.504261 0.264423 0.502131 0.276923 0.490767 0.303846 0.483665 0.326923 0.476562 0.334615
0 0.865767 0.301923 0.848011 0.287500 0.842330 0.289423 0.835227 0.299038 0.828125 0.300962 0.811080 0.275962 0.798295 0.270192 0.792614 0.262500
0 0.400568 0.443269 0.406960 0.428846 0.409091 0.414423 0.413352 0.422115 0.419034 0.425962 0.421875 0.420192 0.430398 0.418269 0.433949 0.413462 0.433949 0.407692
0 0.850142 0.525000 0.845881 0.521154 0.847301 0.505769 0.843040 0.494231 0.803977 0.437500 0.795455 0.433654 0.792614 0.427885
0 0.611506 0.125000 0.605824 0.125000 0.604403 0.121154 0.608665 0.092308 0.605824 0.076923 0.606534 0.029808 0.639915 0.057692 0.620028 0.096154
0 0.657670 0.112500 0.676136 0.108654 0.682528 0.100000 0.685369 0.092308 0.683949 0.076923 0.693892 0.069231 0.698153 0.059615 0.698153 0.046154 0.708097 0.038462
0 0.688920 0.195192 0.683239 0.202885 0.663352 0.195192 0.643466 0.197115 0.610795 0.224038 0.593040 0.259615
0 0.245028 0.086538 0.242898 0.083654 0.232955 0.085577 0.230114 0.075962 0.187500 0.054808 0.178977 0.060577 0.176136 0.052885
0 0.409091 0.400962 0.421165 0.386538 0.426847 0.371154 0.425426 0.336538 0.433239 0.329808 0.446023 0.325962 0.449574 0.315385 0.458097 0.307692
0 0.232955 0.975962 0.245739 0.974038 0.251420 0.970192 0.286222 0.934615
0 0.188210 0.055769 0.210227 0.064423 0.220170 0.072115 0.230114 0.075962 0.232244 0.078846 0.230824 0.088462 0.234375 0.099038
0 0.584517 0.000000 0.583807 0.006731 0.572443 0.014423 0.552557 0.014423 0.538352 0.022115 0.531960 0.042308 0.533381 0.055769 0.528409 0.060577 0.517756 0.061538
0 0.532670 0.041346 0.534801 0.028846 0.538352 0.022115 0.552557 0.014423 0.572443 0.014423 0.584517 0.005769
0 0.044034 0.189423 0.052557 0.175962 0.064631 0.171154 0.070312 0.155769 0.073153 0.136538 0.077415 0.130769
0 0.040483 0.311538 0.040483 0.296154 0.036222 0.288462 0.036222 0.282692 0.046165 0.259615 0.044744 0.246154 0.052557 0.245192 0.064631 0.234615
0 0.732955 0.610577 0.747159 0.612500 0.776989 0.604808 0.779119 0.601923 0.777699 0.594231 0.780540 0.584615 0.791903 0.578846
0 0.774858 0.167308 0.771307 0.166346 0.763494 0.155769 0.753551 0.130769 0.748580 0.124038 0.741477 0.124038 0.735795 0.120192 0.731534 0.112500
0 0.444602 0.447115 0.446023 0.443269 0.454545 0.441346 0.467330 0.449038 0.487216 0.452885 0.501420 0.441346 0.506392 0.440385
0 0.634943 0.814423 0.637074 0.807692 0.661222 0.776923 0.661222 0.773077 0.664062 0.767308
0 0.714489 0.522115 0.722301 0.501923 0.729403 0.494231 0.733665 0.480769 0.740767 0.473077
0 0.159091 0.075962 0.151989 0.087500 0.133523 0.079808 0.119318 0.062500 0.112216 0.058654 0.102273 0.060577 0.090199 0.075000 0.084517 0.094231 0.067472 0.113462
0 0.045455 0.260577 0.036222 0.282692 0.036222 0.288462 0.040483 0.296154 0.040483 0.315385 0.029830 0.333654 0.022727 0.337500 0.014915 0.348077 0.013494 0.353846
0 0.375710 0.467308 0.368608 0.459615 0.365767 0.451923 0.370028 0.440385 0.367188 0.436538 0.368608 0.432692 0.365767 0.426923 0.365767 0.415385 0.360795 0.397115
0 0.865057 0.912500 0.851562 0.938462 0.828835 0.973077
0 0.289773 0.891346 0.286222 0.911538 0.269886 0.943269 0.259943 0.950962 0.250000 0.945192 0.244318 0.958654 0.227983 0.961538
0 0.972301 0.265385 0.958097 0.253846 0.955256 0.244231 0.953835 0.221154 0.946023 0.216346 0.940341 0.208654
0 0.750710 0.155769 0.754972 0.161538 0.756392 0.173077 0.763494 0.180769 0.772017 0.203846 0.772727 0.218269
0 0.452415 0.169231 0.459517 0.176923 0.468040 0.196154 0.465199 0.225000 0.471591 0.237500
0 0.422585 0.338462 0.420455 0.331731 0.409801 0.328846 0.408381 0.313462 0.404119 0.303846 0.406960 0.259615 0.399148 0.247115 0.394886 0.245192
0 0.941761 0.524038 0.945312 0.521154 0.965199 0.476923 0.982244 0.455769
0 0.265625 0.458654 0.258523 0.466346 0.242898 0.466346 0.211648 0.475962 0.198864 0.495192 0.194602 0.489423 0.174006 0.496154
0 0.767756 0.921154 0.775568 0.931731 0.802557 0.939423 0.807528 0.946154 0.818182 0.981731
0 0.998580 0.422115 0.992898 0.414423 0.973011 0.404808 0.969460 0.398077 0.982244 0.380769 0.989347 0.355769 0.997869 0.344231
0 0.000710 0.001923 0.012074 0.036538 0.016335 0.038462 0.019176 0.048077 0.034091 0.070192
0 0.977983 0.051923 0.967330 0.047115 0.955256 0.032692 0.953835 0.009615 0.951705 0.006731 0.941761 0.008654 0.934659 0.004808
0 0.185369 0.580769 0.178267 0.571154 0.175426 0.563462 0.176847 0.557692 0.169744 0.546154 0.166903 0.534615 0.166903 0.521154 0.164773 0.516346
0 0.887784 0.487500 0.892756 0.482692 0.892756 0.471154 0.894886 0.464423 0.903409 0.462500 0.916193 0.472115 0.919744 0.463462 0.922585 0.461538
0 0.198153 0.880769 0.202415 0.890385 0.210227 0.897115 0.213778 0.894231 0.214489 0.889423 0.223011 0.887500 0.226562 0.894231 0.231534 0.897115 0.234375 0.902885
0 0.937500 0.362500 0.941051 0.357692 0.953125 0.364423 0.963778 0.380769 0.970881 0.401923 0.983665 0.409615 0.971591 0.412500 0.965909 0.420192 0.955256 0.403846 0.945312 0.375000
0 0.042614 0.614423 0.022727 0.633654 0.016335 0.644231 0.013494 0.659615 0.004972 0.676923 0.009233 0.682692 0.006392 0.694231
0 0.006392 0.748077 0.013494 0.765385 0.013494 0.773077 0.006392 0.784615 0.007812 0.817308 0.019176 0.851923 0.039773 0.879808
0 0.590199 0.000000 0.633523 0.031731 0.646307 0.016346 0.651278 0.021154 0.655540 0.040385 0.666193 0.050962
0 0.062500 0.614423 0.056818 0.614423 0.050426 0.623077 0.046165 0.636538 0.050426 0.651923 0.044034 0.660577 0.014205 0.675962 0.010653 0.680769
0 0.534801 0.917308 0.546875 0.929808 0.598011 0.962500 0.627841 0.995192
0 0.000710 0.215385 0.007102 0.222115 0.012784 0.222115 0.019886 0.233654 0.025568 0.237500 0.035511 0.235577 0.044744 0.215385
0 0.411222 0.911538 0.413352 0.912500 0.421165 0.923077 0.421165 0.925000 0.424006 0.930769 0.424006 0.934615 0.424716 0.935577
0 0.405540 0.400000 0.402699 0.394231 0.402699 0.388462 0.401278 0.386538 0.401278 0.378846 0.399858 0.376923 0.398438 0.371154 0.396307 0.368269 0.393466 0.368269 0.392045 0.364423
0 0.112926 0.059615 0.122159 0.064423 0.133523 0.079808 0.149148 0.083654 0.151989 0.087500
0 0.684659 0.093269 0.683949 0.096154 0.682528 0.098077 0.682528 0.100000 0.676136 0.108654 0.673295 0.108654 0.671875 0.110577 0.667614 0.110577 0.666903 0.111538
0 0.778409 0.035577 0.774148 0.037500 0.765625 0.031731 0.748580 0.012500 0.745028 0.015385 0.735085 0.044231 0.719460 0.073077
0 0.034091 0.195192 0.032670 0.193269 0.024148 0.193269 0.017756 0.201923 0.014915 0.209615 0.014915 0.213462 0.013494 0.215385 0.013494 0.221154
0 0.131392 0.488462 0.129261 0.487500 0.118608 0.473077 0.118608 0.471154 0.117188 0.469231 0.116477 0.466346
0 0.789062 0.936538 0.786932 0.935577 0.780540 0.926923 0.780540 0.925000 0.777699 0.919231 0.777699 0.913462 0.776989 0.912500
0 0.063210 0.661538 0.062500 0.660577 0.056818 0.660577 0.055398 0.658654 0.053977 0.658654 0.051847 0.655769 0.051847 0.653846 0.049006 0.650000 0.049006 0.648077 0.047585 0.646154 0.046875 0.643269
0 0.884233 0.492308 0.884943 0.493269 0.887784 0.493269 0.889205 0.495192 0.892045 0.495192 0.893466 0.497115 0.894886 0.497115 0.896307 0.499038 0.897727 0.499038 0.899858 0.501923 0.899858 0.503846 0.900568 0.504808
0 0.688920 0.014423 0.688210 0.017308 0.686790 0.019231 0.686790 0.028846 0.686080 0.029808 0.677557 0.029808 0.676136 0.031731 0.674006 0.032692
0 0.220881 0.971154 0.237216 0.981731 0.242188 0.990385 0.242188 0.992308 0.245739 0.997115
0 0.697443 0.060577 0.696733 0.061538 0.696733 0.063462 0.693892 0.067308 0.693892 0.069231 0.693182 0.070192 0.691761 0.070192 0.690341 0.072115 0.688920 0.072115 0.687500 0.074038 0.686080 0.074038 0.685369 0.075000
0 0.014205 0.214423 0.014915 0.213462 0.014915 0.209615 0.016335 0.207692 0.016335 0.205769 0.017756 0.203846 0.017756 0.201923 0.023438 0.194231
0 0.979403 0.453846 0.978693 0.452885 0.977273 0.452885 0.975852 0.450962 0.974432 0.450962 0.969460 0.444231 0.969460 0.442308 0.968040 0.440385 0.968040 0.438462 0.966619 0.436538 0.966619 0.434615 0.965909 0.433654
0 0.045455 0.006731 0.044034 0.010577 0.036932 0.010577 0.034801 0.017308 0.025568 0.025962 0.019886 0.025962 0.014915 0.036538
0 0.997869 0.638462 0.980114 0.616346 0.978693 0.616346 0.972301 0.607692 0.971591 0.604808
0 0.997869 0.776923 0.995739 0.775962 0.994318 0.774038 0.991477 0.774038 0.990057 0.775962 0.988636 0.775962 0.986506 0.773077 0.986506 0.767308 0.982244 0.761538 0.981534 0.758654
0 0.006392 0.580769 0.006392 0.584615 0.009233 0.590385 0.009233 0.594231 0.010653 0.596154 0.012074 0.601923 0.014915 0.605769 0.014915 0.609615 0.015625 0.610577
0 0.003551 0.978846 0.004261 0.979808 0.005682 0.979808 0.009233 0.984615 0.009233 0.986538 0.009943 0.987500
