0 0.551136 0.672115 0.556818 0.652885 0.586648 0.664423 0.621449 0.592308 0.657670 0.564423 0.600142 0.650000 0.612926 0.659615 0.594460 0.671154 0.598722 0.686538 0.633523 0.675962 0.629972 0.709615 0.640625 0.716346 0.693182 0.637500 0.649858 0.719231 0.654119 0.753846 0.678977 0.760577 0.728693 0.724038
0 0.315341 0.629808 0.324574 0.623077 0.345170 0.554808 0.327415 0.630769 0.338068 0.650962 0.383523 0.664423 0.391335 0.646154 0.379972 0.636538 0.379972 0.615385 0.393466 0.587500 0.416903 0.580769 0.415483 0.532692 0.422585 0.526923
0 0.823864 0.897115 0.803977 0.916346 0.776989 0.908654 0.752841 0.891346 0.738636 0.895192 0.726562 0.919231 0.726562 0.951923 0.722301 0.961538 0.725142 0.986538 0.735085 0.998077
0 0.144886 0.862500 0.133523 0.872115 0.098011 0.874038 0.091619 0.880769 0.084517 0.905769 0.083097 0.923077 0.093040 0.955769 0.122869 0.990385 0.121449 0.998077
0 0.530540 0.998077 0.526278 0.986538 0.531960 0.973077 0.531960 0.959615 0.516335 0.930769 0.469460 0.869231 0.467330 0.860577
0 0.689631 0.494231 0.694602 0.499038 0.707386 0.495192 0.728693 0.502885 0.752841 0.520192 0.767756 0.542308 0.779830 0.574038
0 0.904119 0.996154 0.909801 0.980769 0.904830 0.960577 0.882102 0.972115 0.887074 0.944231 0.880682 0.937500 0.862216 0.945192 0.860795 0.962500 0.848722 0.946154 0.851562 0.932692 0.832386 0.893269 0.816761 0.897115 0.808239 0.889423
0 0.538352 0.499038 0.551847 0.488462 0.552557 0.470192 0.569602 0.470192 0.575994 0.457692 0.573153 0.430769 0.551847 0.419231 0.554688 0.398077 0.568182 0.391346 0.593750 0.408654 0.598722 0.384615 0.614347 0.378846
0 0.215909 0.550962 0.198153 0.582692 0.209517 0.603846 0.205966 0.616346 0.194602 0.618269 0.184659 0.599038 0.167614 0.606731 0.162642 0.615385 0.162642 0.667308
0 0.299716 0.412500 0.307528 0.400000 0.307528 0.388462 0.323153 0.375000 0.341619 0.325000 0.355824 0.311538 0.347301 0.296154 0.350142 0.284615 0.362216 0.277885 0.385653 0.242308
0 0.082386 0.237500 0.075994 0.263462 0.068182 0.272115 0.059659 0.274038 0.053977 0.258654 0.042614 0.256731 0.022727 0.270192 0.012074 0.296154 0.006392 0.300000
0 0.151989 0.985577 0.171165 0.963462 0.176847 0.950000 0.179688 0.926923 0.193182 0.912500 0.213778 0.909615
0 0.796165 0.071154 0.806108 0.096154 0.801847 0.115385 0.804688 0.144231 0.813920 0.147115 0.823864 0.139423 0.844460 0.161538 0.830256 0.184615 0.835938 0.205769 0.855114 0.214423 0.855824 0.201923 0.866477 0.195192 0.875710 0.201923 0.880682 0.220192
0 0.408381 0.357692 0.414062 0.367308 0.414062 0.396154 0.420455 0.408654 0.424006 0.407692 0.433239 0.379808 0.453125 0.368269 0.463778 0.376923 0.470881 0.401923 0.481534 0.422115
0 0.355114 0.312500 0.341619 0.325000 0.337358 0.342308 0.332386 0.349038 0.301136 0.366346 0.279119 0.388462
0 0.332386 0.543269 0.391335 0.482692 0.394176 0.442308 0.386364 0.427885 0.376420 0.429808 0.370028 0.421154 0.387074 0.388462
0 0.911222 0.296154 0.909801 0.273077 0.916903 0.267308 0.918324 0.259615 0.915483 0.236538 0.902699 0.225000 0.894886 0.204808 0.875000 0.200962 0.860795 0.185577
0 0.965199 0.123077 0.955256 0.117308 0.952415 0.111538 0.953835 0.092308 0.946023 0.089423 0.939631 0.082692 0.930398 0.052885
0 0.699574 0.086538 0.696023 0.085577 0.691761 0.077885 0.676136 0.070192 0.670455 0.070192 0.666193 0.075962 0.657670 0.077885 0.649858 0.071154 0.640625 0.050962
0 0.759943 0.958654 0.762074 0.936538 0.769886 0.920192 0.777699 0.919231 0.781250 0.908654 0.796875 0.910577 0.808239 0.920192 0.819602 0.918269 0.829545 0.931731 0.834517 0.909615 0.838778 0.907692
0 0.254261 0.570192 0.262784 0.556731 0.284091 0.556731 0.308949 0.540385 0.317472 0.511538 0.297585 0.498077 0.296165 0.478846 0.305398 0.458654 0.321023 0.474038 0.333807 0.470192 0.343040 0.446154
0 0.173295 0.085577 0.176136 0.083654 0.184659 0.095192 0.198864 0.097115 0.203835 0.086538 0.199574 0.067308 0.178267 0.050000 0.187500 0.037500 0.207386 0.039423 0.235085 0.019231
0 0.324574 0.278846 0.308949 0.234615 0.303267 0.228846 0.303267 0.223077 0.316051 0.209615 0.317472 0.192308 0.299716 0.156731
0 0.475142 0.146154 0.475142 0.171154 0.492898 0.197115 0.508523 0.206731 0.514205 0.191346 0.554688 0.226923 0.559659 0.264423
0 0.493608 0.309615 0.478693 0.289423 0.471591 0.285577 0.470170 0.289423 0.460227 0.289423 0.441761 0.279808 0.413352 0.277885 0.406250 0.268269
0 0.776989 0.260577 0.747159 0.258654 0.697443 0.293269 0.695312 0.307692 0.700994 0.330769 0.696733 0.350000 0.686790 0.355769 0.679688 0.384615 0.672585 0.390385
0 0.068892 0.371154 0.060369 0.369231 0.060369 0.346154 0.049006 0.332692 0.046165 0.319231 0.036932 0.314423 0.023438 0.298077 0.021307 0.291346
0 0.548295 0.214423 0.549716 0.210577 0.561080 0.210577 0.583807 0.222115 0.602273 0.224038 0.629261 0.208654 0.632812 0.192308 0.641335 0.186538
0 0.907670 0.379808 0.936790 0.336538 0.936790 0.317308 0.926136 0.291346 0.938920 0.275962 0.945312 0.301923 0.955966 0.306731 0.997869 0.271154
0 0.918324 0.828846 0.930398 0.839423 0.948864 0.835577 0.955256 0.848077 0.948153 0.867308 0.938920 0.870192 0.928267 0.890385 0.924006 0.915385 0.926847 0.950000 0.937500 0.968269 0.971591 0.987500
0 0.813920 0.989423 0.819602 0.981731 0.830966 0.981731 0.835938 0.965385 0.843750 0.958654 0.846591 0.950962 0.853693 0.947115 0.860795 0.962500 0.862926 0.959615 0.862216 0.945192 0.879972 0.938462
0 0.071023 0.675962 0.080256 0.669231 0.098722 0.626923 0.093040 0.596154 0.072443 0.574038 0.071733 0.567308 0.076705 0.562500 0.095170 0.577885 0.106534 0.577885 0.118608 0.571154 0.127131 0.546154
0 0.960227 0.618269 0.966619 0.611538 0.973722 0.594231 0.970881 0.557692 0.976562 0.532692 0.975142 0.515385 0.968040 0.501923 0.976562 0.492308
0 0.930398 0.004808 0.928977 0.008654 0.911932 0.018269 0.904119 0.036538 0.885653 0.053846
0 0.566051 0.203846 0.560369 0.198077 0.560369 0.173077 0.557528 0.165385 0.551136 0.158654 0.537642 0.157692 0.549006 0.142308 0.549006 0.117308 0.544744 0.100000 0.541193 0.097115 0.535511 0.100962 0.534091 0.097115
0 0.050426 0.125000 0.042614 0.114423 0.032670 0.112500 0.026278 0.107692 0.019886 0.075962
0 0.063210 0.107692 0.073153 0.117308 0.075994 0.125000 0.074574 0.138462 0.077415 0.151923 0.095170 0.185577
0 0.675426 0.207692 0.687500 0.214423 0.698864 0.210577 0.708097 0.223077 0.705256 0.232692 0.710227 0.241346 0.714489 0.239423 0.728693 0.241346
0 0.036222 0.953846 0.041193 0.958654 0.044034 0.958654 0.045455 0.960577 0.052557 0.960577 0.062500 0.966346 0.069602 0.977885
0 0.708807 0.197115 0.715199 0.190385 0.720881 0.175000 0.723722 0.144231 0.719460 0.130769 0.723722 0.117308 0.735795 0.108654 0.745739 0.114423 0.756392 0.107692
0 0.482955 0.331731 0.484375 0.327885 0.488636 0.327885 0.492188 0.323077 0.492188 0.319231 0.495028 0.315385 0.495739 0.304808 0.501420 0.304808 0.508523 0.300962 0.512784 0.300962 0.514205 0.302885 0.517756 0.300000
0 0.354403 0.721154 0.392045 0.745192 0.421875 0.741346 0.430398 0.756731
0 0.028409 0.764423 0.022017 0.784615 0.014915 0.798077 0.012074 0.817308 0.007812 0.828846 0.002131 0.834615
0 0.031960 0.873077 0.033381 0.898077 0.022017 0.917308 0.022017 0.925000 0.025568 0.931731 0.031250 0.935577 0.051136 0.935577 0.056818 0.943269
0 0.567472 0.142308 0.561790 0.132692 0.564631 0.115385 0.563210 0.080769 0.553267 0.055769 0.554688 0.048077 0.552557 0.045192
0 0.191761 0.406731 0.183949 0.417308 0.182528 0.430769 0.180398 0.433654 0.174716 0.433654 0.169034 0.437500 0.165483 0.442308 0.164062 0.450000 0.159801 0.455769
0 0.238636 0.347115 0.236506 0.350000 0.236506 0.363462 0.227273 0.377885 0.217330 0.375962 0.207386 0.370192 0.197443 0.379808 0.191051 0.382692
0 0.439631 0.578846 0.436790 0.573077 0.436790 0.525000 0.428267 0.492308 0.428267 0.484615 0.424716 0.479808
0 0.746449 0.946154 0.750000 0.947115 0.757812 0.955769 0.760653 0.963462 0.760653 0.967308 0.762074 0.969231 0.762784 0.985577
0 0.537642 0.067308 0.529119 0.046154 0.522017 0.042308 0.522017 0.036538 0.524858 0.034615 0.520597 0.023077 0.512784 0.020192 0.507812 0.025000 0.510653 0.009615 0.505682 0.000962
0 0.024148 0.016346 0.017756 0.032692 0.017756 0.036538 0.023438 0.048077 0.022017 0.063462 0.012784 0.077885 0.008523 0.079808 0.002131 0.088462
0 0.462358 0.046154 0.458097 0.040385 0.458097 0.030769 0.455256 0.025000 0.453835 0.015385 0.449574 0.009615 0.448864 0.006731
0 0.774858 0.642308 0.773438 0.640385 0.773438 0.638462 0.764915 0.626923 0.763494 0.621154 0.758523 0.614423
0 0.676847 0.071154 0.677557 0.072115 0.678977 0.072115 0.680398 0.074038 0.683239 0.074038 0.684659 0.075962 0.688920 0.075962 0.690341 0.077885 0.691761 0.077885 0.693182 0.081731
0 0.759233 0.615385 0.763494 0.621154 0.764915 0.626923 0.773438 0.638462 0.774148 0.641346
0 0.164062 0.026923 0.173295 0.033654 0.177557 0.033654 0.178977 0.031731 0.186080 0.031731 0.188920 0.027885 0.191761 0.027885 0.193182 0.029808
0 0.467330 0.035577 0.468040 0.032692 0.471591 0.029808 0.475852 0.029808 0.477273 0.027885 0.481534 0.027885 0.485085 0.023077 0.487926 0.013462
0 0.472301 0.286538 0.474432 0.287500 0.476562 0.290385 0.476562 0.292308 0.480824 0.298077 0.481534 0.300962 0.482955 0.300962 0.484375 0.302885 0.487216 0.302885 0.488636 0.304808 0.490057 0.304808 0.492898 0.308654
0 0.141335 0.346154 0.142045 0.347115 0.146307 0.347115 0.148438 0.350000 0.148438 0.351923 0.149148 0.352885
