0 0.230824 0.798077 0.247869 0.815385 0.244318 0.820192 0.230114 0.808654 0.230824 0.823077 0.237216 0.829808 0.267045 0.818269 0.278409 0.800962 0.286932 0.799038 0.294034 0.814423 0.299716 0.810577 0.301847 0.838462 0.293324 0.865385 0.303977 0.885577
0 0.000000 0.843269 0.008523 0.850962 0.018466 0.852885 0.028409 0.862500 0.035511 0.856731 0.039773 0.847115 0.047585 0.844231 0.046165 0.832692 0.051847 0.823077 0.051847 0.817308 0.047585 0.811538 0.047585 0.801923 0.050426 0.798077
0 0.078835 0.478846 0.072443 0.470192 0.060369 0.475000 0.057528 0.421154 0.066051 0.359615 0.076705 0.368269 0.083097 0.351923 0.072443 0.345192 0.065341 0.356731 0.042614 0.312500 0.035511 0.325962 0.031250 0.316346 0.001420 0.316346 0.029119 0.294231 0.014205 0.275962 0.000000 0.281731
0 0.111506 0.032692 0.126420 0.037500 0.146307 0.079808 0.177557 0.099038 0.193182 0.118269 0.231534 0.137500
0 0.171165 0.890385 0.172585 0.898077 0.186080 0.910577 0.213068 0.912500 0.222301 0.938462 0.231534 0.943269 0.240767 0.959615 0.244318 0.989423
0 0.405540 0.153846 0.408381 0.178846 0.419744 0.190385 0.416903 0.207692 0.426847 0.211538 0.431108 0.240385 0.457386 0.252885 0.490057 0.302885 0.505682 0.318269 0.522727 0.320192 0.529830 0.335577
0 0.473011 0.585577 0.466619 0.584615 0.470881 0.594231 0.465199 0.596154 0.463778 0.611538 0.455966 0.610577 0.448153 0.623077 0.458097 0.651923 0.455256 0.676923 0.433239 0.700962 0.422585 0.690385 0.433949 0.682692 0.435369 0.663462 0.424716 0.641346 0.417614 0.641346 0.405540 0.675000 0.408381 0.692308 0.398438 0.703846
0 0.720881 0.678846 0.741477 0.708654 0.748580 0.710577 0.755682 0.700962 0.769176 0.705769 0.767045 0.714423 0.754261 0.712500 0.750710 0.719231 0.760653 0.757692 0.754972 0.767308 0.763494 0.803846 0.772727 0.812500 0.781960 0.809615 0.795455 0.850962
0 0.393466 0.075962 0.398438 0.063462 0.394176 0.048077 0.397727 0.045192 0.406250 0.047115 0.413352 0.025962 0.417614 0.027885 0.419744 0.025000 0.418324 0.021154 0.421875 0.018269 0.428977 0.022115 0.431108 0.019231 0.429688 0.011538 0.442472 0.000000
0 0.833097 0.392308 0.846591 0.404808 0.859375 0.397115 0.892045 0.406731 0.910511 0.402885 0.945312 0.428846 0.945312 0.465385 0.974432 0.481731 0.982955 0.502885
0 0.561790 0.442308 0.548295 0.418269 0.515625 0.441346 0.507812 0.403846 0.482955 0.385577 0.460227 0.383654 0.433239 0.399038 0.414062 0.353846 0.416903 0.342308 0.403409 0.329808
0 0.735085 0.551923 0.739347 0.538462 0.730824 0.505769 0.714489 0.479808 0.708807 0.479808 0.689631 0.457692 0.683949 0.446154 0.686790 0.430769 0.680398 0.420192
0 0.203125 0.375962 0.208807 0.372115 0.220170 0.375962 0.225852 0.370192 0.231534 0.379808 0.242898 0.377885 0.249290 0.344231 0.240767 0.336538 0.239347 0.319231 0.252841 0.306731 0.272727 0.304808 0.294744 0.292308
0 0.423295 0.133654 0.421875 0.143269 0.410511 0.145192 0.397017 0.159615 0.398438 0.178846 0.390625 0.189423 0.379261 0.193269 0.370739 0.185577 0.360795 0.187500 0.318892 0.221154
0 0.251420 0.485577 0.245739 0.487500 0.218750 0.456731 0.210227 0.458654 0.196733 0.473077 0.182528 0.505769 0.182528 0.525000 0.195312 0.542308 0.157670 0.558654 0.143466 0.589423 0.121449 0.598077
0 0.255682 0.554808 0.246449 0.600000 0.242188 0.603846 0.243608 0.625000 0.238636 0.631731 0.220170 0.627885 0.199574 0.653846
0 0.644886 0.593269 0.656960 0.580769 0.665483 0.550000 0.664062 0.503846 0.669744 0.476923 0.658381 0.446154 0.666193 0.441346 0.671875 0.450962 0.673295 0.443269 0.681818 0.443269 0.691761 0.466346 0.727983 0.500000 0.738636 0.537500
0 0.350852 0.252885 0.346591 0.262500 0.338068 0.262500 0.309659 0.295192 0.284091 0.293269 0.272727 0.304808 0.251420 0.306731 0.240767 0.317308
0 0.432528 0.111538 0.458807 0.135577 0.465909 0.124038 0.477273 0.124038 0.493608 0.153846 0.487926 0.176923 0.495028 0.186538 0.483665 0.198077 0.480824 0.232692 0.490057 0.258654 0.502841 0.260577
0 0.301136 0.106731 0.293324 0.125000 0.296165 0.144231 0.284801 0.169231 0.283381 0.196154 0.279119 0.207692 0.247869 0.232692
0 0.676136 0.414423 0.658381 0.446154 0.669744 0.476923 0.668324 0.494231 0.643466 0.500962 0.632102 0.518269 0.610795 0.514423 0.594460 0.528846 0.583097 0.555769 0.588778 0.569231 0.577415 0.575000 0.566051 0.634615
0 0.501420 0.283654 0.504261 0.277885 0.509943 0.277885 0.525568 0.264423 0.538352 0.262500 0.554688 0.242308 0.556108 0.225000 0.551847 0.217308 0.549006 0.198077 0.556108 0.194231
0 0.639205 0.652885 0.642045 0.647115 0.666193 0.645192 0.681818 0.629808 0.695312 0.598077 0.724432 0.550962 0.737216 0.552885 0.750710 0.546154
0 0.019176 0.103846 0.032670 0.118269 0.045455 0.120192 0.053267 0.136538 0.051136 0.147115 0.067472 0.142308 0.073153 0.161538 0.068892 0.176923 0.082386 0.183654 0.088068 0.199038
0 0.575284 0.800962 0.586648 0.783654 0.613636 0.774038 0.619318 0.787500 0.634943 0.787500 0.643466 0.793269 0.656250 0.779808 0.676136 0.774038 0.681108 0.767308
0 0.298295 0.899038 0.302557 0.891346 0.306818 0.899038 0.320312 0.875000 0.310369 0.848077 0.320312 0.803846 0.320312 0.792308 0.315341 0.793269 0.314631 0.786538 0.331676 0.769231
0 0.316051 0.123077 0.308239 0.097115 0.302557 0.102885 0.299006 0.100000 0.304688 0.086538 0.294034 0.074038 0.284091 0.077885 0.272727 0.074038 0.258523 0.083654 0.252841 0.081731
0 0.228693 0.262500 0.209517 0.286538 0.200994 0.307692 0.202415 0.315385 0.174006 0.355769 0.171165 0.371154 0.175426 0.382692 0.152699 0.411538
0 0.457386 0.997115 0.476562 0.950000 0.479403 0.921154 0.493608 0.894231 0.490057 0.885577 0.482955 0.891346 0.475142 0.888462 0.482244 0.851923 0.489347 0.842308
0 0.137074 0.000000 0.146307 0.020192 0.167614 0.039423 0.181818 0.041346 0.203125 0.024038 0.218750 0.043269 0.227273 0.043269 0.241477 0.056731 0.258523 0.058654
0 0.237216 0.500962 0.255682 0.479808 0.272727 0.472115 0.281960 0.450000 0.281960 0.434615 0.289773 0.427885 0.299716 0.431731 0.335938 0.382692
0 0.293324 0.813462 0.287642 0.803846 0.317472 0.757692 0.318892 0.732692 0.313920 0.725962 0.299716 0.727885 0.291193 0.724038 0.286932 0.716346 0.276989 0.722115 0.269886 0.714423
0 0.502841 0.679808 0.505682 0.675962 0.512784 0.679808 0.516335 0.676923 0.512784 0.670192 0.505682 0.670192 0.504972 0.663462 0.514915 0.632692 0.520597 0.628846 0.517756 0.619231 0.522017 0.607692 0.522017 0.594231 0.529119 0.586538
0 0.303977 0.737500 0.299006 0.755769 0.292614 0.764423 0.288352 0.766346 0.279830 0.760577 0.272727 0.775962 0.264205 0.779808 0.248580 0.797115 0.236506 0.800000
0 0.852273 0.695192 0.848011 0.700962 0.816761 0.699038 0.810369 0.703846 0.814631 0.717308 0.804688 0.719231 0.814631 0.723077 0.821733 0.750000 0.816761 0.758654 0.799716 0.766346 0.776278 0.811538
0 0.831676 0.775000 0.855114 0.785577 0.865057 0.781731 0.875000 0.783654 0.882812 0.792308 0.881392 0.821154 0.896307 0.841346
0 0.379972 0.682692 0.394176 0.698077 0.392756 0.719231 0.411222 0.753846 0.426847 0.825000 0.442472 0.865385 0.450284 0.875962 0.460227 0.874038
0 0.416193 0.347115 0.390625 0.345192 0.382102 0.356731 0.370739 0.360577 0.361506 0.373077 0.367188 0.390385 0.355114 0.400962 0.345170 0.383654 0.333807 0.383654 0.300426 0.430769
0 0.153409 0.770192 0.151989 0.777885 0.140625 0.772115 0.134943 0.774038 0.130682 0.789423 0.116477 0.797115 0.112216 0.793269 0.103693 0.797115 0.096591 0.787500 0.080966 0.783654 0.056108 0.796154
0 0.204545 0.199038 0.132102 0.247115 0.107955 0.245192 0.096591 0.256731 0.086648 0.258654 0.081676 0.269231
0 0.416903 0.384615 0.431108 0.430769 0.454545 0.464423 0.475852 0.466346 0.478693 0.474038
0 0.518466 0.627885 0.507812 0.651923 0.503551 0.669231 0.504972 0.678846 0.495028 0.696154 0.496449 0.705769 0.493608 0.715385 0.484375 0.718269 0.483665 0.728846 0.477983 0.734615
0 0.076705 0.752885 0.073864 0.760577 0.066051 0.763462 0.070312 0.771154 0.067472 0.782692 0.055398 0.789423 0.046165 0.803846 0.051847 0.817308 0.050426 0.826923 0.046165 0.830769 0.047585 0.844231 0.039773 0.847115 0.029119 0.861538
0 0.323153 0.901923 0.335227 0.912500 0.342330 0.904808 0.352273 0.906731 0.360085 0.915385 0.361506 0.930769 0.366477 0.941346
0 0.737216 0.039423 0.732244 0.055769 0.735085 0.067308 0.723722 0.073077 0.715199 0.103846 0.718040 0.123077 0.730114 0.124038 0.730824 0.128846 0.718040 0.150000 0.712358 0.180769 0.703835 0.188462
0 0.996449 0.134615 0.955966 0.108654 0.940341 0.108654 0.924716 0.085577 0.906250 0.083654 0.897727 0.089423 0.890625 0.075962
0 0.119318 0.027885 0.116477 0.033654 0.106534 0.031731 0.088778 0.042308 0.078835 0.059615 0.078835 0.073077 0.073153 0.076923 0.075284 0.091346 0.053977 0.064423 0.035511 0.064423 0.031960 0.082692 0.041903 0.101923 0.037642 0.117308
0 0.372159 0.962500 0.376420 0.960577 0.383523 0.966346 0.396307 0.968269 0.412642 0.953846 0.414062 0.944231 0.405540 0.936538 0.406960 0.921154 0.402699 0.909615 0.405540 0.901923 0.401278 0.894231 0.402699 0.888462
0 0.401989 0.229808 0.399858 0.251923 0.392756 0.269231 0.392756 0.284615 0.385653 0.301923 0.373580 0.314423 0.361506 0.315385
0 0.495739 0.608654 0.520597 0.553846 0.520597 0.530769 0.569602 0.499038 0.581676 0.475000 0.567472 0.463462 0.563210 0.446154 0.588068 0.433654 0.599432 0.447115 0.611506 0.428846
0 0.214489 0.710577 0.212358 0.728846 0.205256 0.746154 0.205256 0.771154 0.195312 0.794231 0.188920 0.799038 0.181818 0.812500 0.174006 0.817308
0 0.491477 0.477885 0.512074 0.450000 0.515625 0.441346 0.522727 0.441346 0.528409 0.431731 0.544744 0.419231
0 0.649148 0.674038 0.622869 0.680769 0.626420 0.685577 0.634233 0.686538 0.617898 0.693269 0.612926 0.701923 0.624290 0.730769 0.616477 0.741346 0.600142 0.746154
0 0.881392 0.884615 0.888494 0.896154 0.881392 0.915385 0.898438 0.967308 0.916193 0.979808 0.933239 0.970192 0.941761 0.975962 0.947443 0.989423
0 0.085227 0.700962 0.076705 0.722115 0.056818 0.727885 0.049716 0.733654 0.039773 0.750962 0.028409 0.754808 0.023438 0.765385
0 0.044744 0.594231 0.052557 0.597115 0.057528 0.603846 0.056108 0.617308 0.050426 0.630769 0.050426 0.642308 0.053267 0.650000 0.066761 0.666346
0 0.463068 0.545192 0.468040 0.528846 0.463778 0.521154 0.469460 0.515385 0.477983 0.494231 0.487926 0.480769
0 0.712358 0.390385 0.705256 0.384615 0.703835 0.376923 0.713778 0.361538 0.715199 0.350000 0.706676 0.344231 0.700284 0.327885 0.690341 0.331731 0.684659 0.341346 0.678977 0.331731
0 0.862216 0.695192 0.848722 0.707692 0.845881 0.721154 0.849432 0.724038 0.857955 0.718269 0.863636 0.720192 0.874290 0.734615 0.879972 0.763462 0.875000 0.783654 0.860085 0.784615 0.882102 0.700962 0.879261 0.704808
0 0.095881 0.217308 0.088778 0.207692 0.085938 0.188462 0.073153 0.173077 0.068892 0.140385 0.043324 0.109615 0.032670 0.083654
0 0.360795 0.470192 0.350142 0.476923 0.304688 0.550000 0.316051 0.565385 0.316051 0.582692 0.306108 0.600000
0 0.879261 0.350962 0.885653 0.340385 0.892045 0.299038 0.901989 0.310577 0.914773 0.289423 0.951705 0.264423 0.959517 0.248077
0 0.845170 0.235577 0.848011 0.229808 0.859375 0.227885 0.869318 0.210577 0.888494 0.196154 0.905540 0.125000 0.915483 0.107692
0 0.921875 0.591346 0.912642 0.605769 0.908381 0.625000 0.899858 0.632692 0.885653 0.657692 0.877131 0.686538 0.870739 0.687500 0.857955 0.679808 0.855824 0.688462
0 0.745739 0.229808 0.740767 0.238462 0.740767 0.246154 0.745028 0.253846 0.745028 0.261538 0.742898 0.264423 0.734375 0.260577 0.723011 0.260577 0.700994 0.276923
0 0.062500 0.408654 0.057528 0.413462 0.061790 0.434615 0.057528 0.442308 0.061790 0.453846 0.061790 0.467308 0.049716 0.474038 0.038352 0.472115 0.032670 0.491346 0.022727 0.491346 0.019886 0.485577 0.014205 0.485577 0.004972 0.494231
0 0.992188 0.238462 0.982955 0.237500 0.977983 0.230769 0.975852 0.222115 0.964489 0.220192 0.960227 0.208654 0.951705 0.214423 0.944602 0.202885 0.934659 0.199038
0 0.159091 0.810577 0.153409 0.822115 0.134943 0.827885 0.124290 0.848077 0.125710 0.861538 0.132812 0.878846 0.131392 0.886538 0.139915 0.894231 0.139915 0.907692 0.137074 0.911538
0 0.724432 0.381731 0.726562 0.367308 0.737926 0.353846 0.739347 0.340385 0.746449 0.326923 0.746449 0.321154 0.740767 0.309615 0.740767 0.301923 0.745739 0.293269 0.750710 0.290385
0 0.224432 0.193269 0.220881 0.207692 0.223011 0.237500 0.205966 0.239423 0.197443 0.254808 0.181818 0.256731 0.160511 0.272115 0.149148 0.274038 0.151278 0.280769 0.148438 0.284615
0 0.177557 0.849038 0.174006 0.876923 0.171165 0.884615 0.164062 0.894231 0.162642 0.907692 0.151278 0.917308
0 0.063210 0.594231 0.035511 0.579808 0.019886 0.579808 0.018466 0.583654 0.015625 0.583654 0.002841 0.564423 0.000000 0.564423
0 0.636364 0.785577 0.654119 0.765385 0.658381 0.753846 0.656960 0.726923 0.659801 0.717308 0.656250 0.708654 0.648438 0.703846 0.641335 0.678846 0.676847 0.661538
0 0.240057 0.337500 0.237926 0.355769 0.232955 0.366346 0.220170 0.366346 0.198864 0.379808 0.175426 0.382692 0.178267 0.371154 0.176847 0.351923 0.183949 0.336538 0.210227 0.306731 0.218040 0.305769
0 0.136364 0.270192 0.129972 0.282692 0.121449 0.292308 0.124290 0.298077 0.123580 0.304808 0.117898 0.310577 0.112216 0.310577 0.098011 0.318269 0.094460 0.323077
0 0.150568 0.647115 0.122869 0.678846 0.136364 0.675962 0.138494 0.688462 0.117898 0.693269 0.107955 0.708654 0.104403 0.709615
0 0.337358 0.559615 0.341619 0.569231 0.341619 0.580769 0.338778 0.586538 0.341619 0.600000 0.367898 0.629808 0.379261 0.635577
0 0.947443 0.941346 0.963778 0.921154 0.970881 0.900000 0.972301 0.875000 0.980824 0.863462
0 0.887074 0.805769 0.892045 0.806731 0.906250 0.818269 0.911932 0.818269 0.928977 0.833654 0.944602 0.839423 0.948153 0.844231 0.948864 0.852885
0 0.252841 0.666346 0.256392 0.655769 0.254972 0.648077 0.261364 0.641346 0.275568 0.639423 0.279830 0.645192 0.281250 0.635577 0.288352 0.635577 0.294034 0.645192 0.301136 0.645192 0.303267 0.632692 0.308949 0.623077
0 0.136364 0.479808 0.161222 0.430769 0.161222 0.421154 0.152699 0.411538 0.154119 0.405769 0.171875 0.385577 0.191051 0.380769
0 0.245739 0.491346 0.227273 0.504808 0.225142 0.511538 0.216619 0.519231 0.212358 0.530769 0.213778 0.538462 0.210938 0.544231
0 0.088778 0.525000 0.112926 0.544231 0.110085 0.586538 0.113636 0.593269 0.120739 0.599038
0 0.204545 0.645192 0.220170 0.627885 0.240057 0.631731 0.245028 0.621154 0.246449 0.613462
0 0.002131 0.178846 0.012074 0.205769 0.037642 0.232692 0.040483 0.240385 0.039062 0.259615 0.072443 0.281731
0 0.049716 0.043269 0.029830 0.050962 0.020597 0.059615 0.016335 0.069231 0.014915 0.096154 0.010653 0.117308
0 0.879972 0.790385 0.875710 0.784615 0.879972 0.763462 0.874290 0.734615 0.863636 0.720192 0.857955 0.718269 0.849432 0.724038 0.846591 0.722115
0 0.160511 0.431731 0.152699 0.451923 0.132812 0.484615 0.129972 0.525000 0.115767 0.542308
0 0.549006 0.886538 0.553267 0.890385 0.558949 0.913462 0.583097 0.944231 0.601562 0.986538 0.609375 0.997115
0 0.430398 0.020192 0.420455 0.018269 0.417614 0.027885 0.409091 0.025962 0.401989 0.031731 0.392756 0.026923 0.387784 0.010577 0.375000 0.016346 0.369318 0.025962 0.358665 0.032692 0.350142 0.061538 0.351562 0.076923
0 0.615057 0.429808 0.629972 0.409615 0.629972 0.392308 0.644886 0.374038 0.649148 0.374038 0.658381 0.365385 0.658381 0.348077 0.652699 0.340385 0.654119 0.332692
0 0.567472 0.053846 0.573153 0.059615 0.573153 0.063462 0.580256 0.075000 0.580256 0.078846 0.585227 0.081731 0.588068 0.087500 0.589489 0.085577 0.593040 0.090385 0.593750 0.097115
0 0.584517 0.028846 0.589489 0.029808 0.592330 0.033654 0.598011 0.037500 0.602983 0.044231 0.602983 0.046154 0.607244 0.050000 0.610795 0.062500
0 0.898438 0.773077 0.900568 0.775962 0.911932 0.777885 0.916193 0.781731 0.923295 0.783654 0.931108 0.801923 0.934659 0.806731
0 0.085938 0.836538 0.076705 0.829808 0.066051 0.813462 0.066051 0.811538 0.060369 0.805769 0.056818 0.797115
0 0.492898 0.895192 0.479403 0.921154 0.476562 0.950000 0.465199 0.965385 0.465199 0.975000 0.456676 0.998077
0 0.263494 0.551923 0.264915 0.563462 0.270597 0.575000 0.269176 0.588462 0.274858 0.598077 0.279830 0.625962
0 0.175426 0.700000 0.164773 0.693269 0.161932 0.693269 0.158381 0.688462 0.159801 0.665385 0.154830 0.650962
0 0.226562 0.517308 0.230114 0.520192 0.234375 0.520192 0.235795 0.522115 0.245739 0.522115 0.252841 0.527885 0.261364 0.529808
0 0.117188 0.413462 0.127131 0.425000 0.128551 0.430769 0.131392 0.434615 0.134233 0.442308 0.134943 0.449038
0 0.080966 0.439423 0.081676 0.438462 0.081676 0.434615 0.083097 0.432692 0.083097 0.430769 0.085227 0.427885 0.086648 0.427885 0.089489 0.424038 0.098011 0.424038 0.098722 0.423077
0 0.032670 0.325962 0.019176 0.344231 0.018466 0.347115 0.014205 0.347115 0.010653 0.350000
0 0.629261 0.377885 0.629972 0.373077 0.634233 0.365385 0.632812 0.350000 0.637784 0.349038 0.646307 0.341346 0.651278 0.340385
0 0.137784 0.664423 0.138494 0.663462 0.138494 0.661538 0.143466 0.654808 0.144886 0.654808 0.146307 0.652885 0.147727 0.652885 0.148438 0.651923
0 0.304688 0.898077 0.304688 0.896154 0.303267 0.894231 0.303267 0.890385 0.304688 0.888462 0.304688 0.886538 0.303267 0.884615 0.303267 0.880769 0.301847 0.878846 0.300426 0.873077 0.298295 0.872115 0.294034 0.866346
0 0.446023 0.306731 0.447443 0.304808 0.448864 0.304808 0.456676 0.294231 0.456676 0.292308 0.458097 0.290385
0 0.457386 0.291346 0.456676 0.292308 0.456676 0.294231 0.448864 0.304808 0.447443 0.304808 0.446733 0.305769
0 0.996449 0.815385 0.987216 0.804808 0.981534 0.800962 0.970881 0.786538 0.970170 0.783654
0 0.277699 0.680769 0.277699 0.682692 0.279119 0.684615 0.279119 0.688462 0.279830 0.689423 0.289773 0.689423
0 0.799716 0.881731 0.799006 0.882692 0.799006 0.884615 0.797585 0.886538 0.797585 0.890385 0.796875 0.891346 0.792614 0.891346 0.791193 0.893269 0.789773 0.893269 0.789062 0.894231
0 0.459517 0.651923 0.458807 0.650962 0.457386 0.650962 0.456676 0.650000 0.456676 0.646154 0.455966 0.645192 0.454545 0.645192 0.450994 0.640385 0.450994 0.638462 0.449574 0.636538 0.449574 0.634615 0.448864 0.633654
0 0.401989 0.583654 0.402699 0.582692 0.402699 0.580769 0.406250 0.575962 0.407670 0.575962 0.408381 0.575000
0 0.671875 0.437500 0.674006 0.434615 0.674006 0.425000 0.673295 0.424038 0.671875 0.424038
0 0.074574 0.367308 0.073864 0.366346 0.072443 0.366346 0.066761 0.358654
0 0.612216 0.997115 0.617898 0.989423 0.619318 0.989423 0.620739 0.987500 0.622159 0.987500 0.622869 0.986538
0 0.654119 0.707692 0.654830 0.708654 0.656250 0.708654 0.656960 0.709615 0.656960 0.711538 0.658381 0.713462 0.658381 0.715385 0.659091 0.716346
0 0.948864 0.837500 0.953125 0.837500 0.953835 0.836538
0 0.673295 0.435577 0.671875 0.437500 0.669034 0.437500 0.668324 0.438462
