0 0.544034 0.283654 0.534801 0.311538 0.516335 0.325000 0.507812 0.348077 0.487926 0.367308 0.483665 0.386538 0.475142 0.398077
0 0.243608 0.469231 0.240057 0.460577 0.224432 0.454808 0.219460 0.440385 0.203835 0.426923 0.202415 0.417308 0.206676 0.403846 0.203125 0.397115 0.181818 0.393269
0 0.381392 0.494231 0.373580 0.491346 0.360085 0.475000 0.364347 0.451923 0.361506 0.434615 0.362926 0.392308 0.357955 0.385577
0 0.833097 0.265385 0.841619 0.273077 0.844460 0.301923 0.860085 0.346154 0.879972 0.380769 0.909091 0.475962
0 0.746449 0.007692 0.757102 0.024038 0.771307 0.035577 0.786932 0.056731 0.805398 0.068269 0.811080 0.077885
0 0.663352 0.504808 0.661222 0.528846 0.653409 0.541346 0.633523 0.547115 0.624290 0.538462 0.619318 0.525962 0.615057 0.525962 0.608665 0.546154 0.595881 0.553846
0 0.994318 0.299038 0.988636 0.310577 0.980114 0.312500 0.968750 0.331731 0.937500 0.329808 0.930398 0.331731 0.928267 0.336538
0 0.716619 0.800000 0.725852 0.804808 0.732244 0.819231 0.733665 0.846154 0.729403 0.859615 0.729403 0.886538 0.738636 0.906731
0 0.250000 0.920192 0.269176 0.880769 0.267756 0.861538 0.256392 0.842308 0.257812 0.832692 0.262784 0.827885 0.274148 0.835577 0.286932 0.831731 0.316051 0.776923
0 0.760653 0.394231 0.766335 0.401923 0.770597 0.451923 0.784801 0.467308 0.791903 0.488462 0.803977 0.495192 0.806818 0.500962
0 0.713068 0.081731 0.700994 0.113462 0.689631 0.184615 0.691051 0.225000 0.702415 0.248077 0.698153 0.263462
0 0.639205 0.854808 0.636364 0.860577 0.627841 0.862500 0.616477 0.877885 0.609375 0.875962 0.603693 0.887500 0.600852 0.885577 0.581676 0.894231
0 0.484375 0.764423 0.480114 0.770192 0.470170 0.770192 0.458807 0.775962 0.448153 0.798077 0.442472 0.823077 0.433949 0.828846
0 0.358665 0.463462 0.343750 0.441346 0.329545 0.447115 0.321733 0.444231 0.317472 0.434615 0.310369 0.375000 0.298295 0.345192
0 0.301847 0.709615 0.299716 0.706731 0.285511 0.704808 0.279830 0.700962 0.269176 0.675000 0.257102 0.662500
0 0.740767 0.998077 0.707386 0.972115 0.656250 0.968269 0.662642 0.948077 0.642045 0.929808 0.630682 0.906731
0 0.588778 0.598077 0.593040 0.607692 0.590199 0.617308 0.590199 0.638462 0.594460 0.667308 0.609375 0.706731
0 0.561080 0.474038 0.547585 0.505769 0.539062 0.513462 0.537642 0.525000 0.522017 0.555769 0.520597 0.582692 0.523438 0.594231
0 0.566761 0.987500 0.576705 0.977885 0.615057 0.970192 0.644886 0.974038 0.654119 0.969231
0 0.668324 0.634615 0.678267 0.642308 0.679688 0.667308 0.686790 0.690385 0.686790 0.707692 0.691761 0.731731
0 0.096591 0.214423 0.075994 0.242308 0.053267 0.298077 0.026278 0.332692 0.017756 0.361538 0.004972 0.375000
0 0.926847 0.082692 0.946733 0.126923 0.989347 0.176923 0.994318 0.204808
0 0.892756 0.415385 0.878551 0.376923 0.859375 0.343269
0 0.976562 0.413462 0.961648 0.406731 0.956676 0.400000 0.949574 0.380769 0.934659 0.362500 0.926136 0.356731
0 0.462358 0.988462 0.448864 0.974038 0.426136 0.966346 0.414773 0.950962 0.404830 0.945192 0.393466 0.945192 0.387784 0.937500
0 0.881392 0.265385 0.899148 0.279808 0.909801 0.294231 0.926136 0.327885
0 0.431818 0.479808 0.457386 0.456731 0.482244 0.421154 0.487926 0.405769
0 0.355114 0.622115 0.357955 0.616346 0.393466 0.593269 0.403409 0.591346 0.422585 0.575000
0 0.733665 0.109615 0.757102 0.129808 0.764205 0.141346 0.775568 0.149038 0.786932 0.149038 0.792614 0.158654
0 0.000000 0.797115 0.039773 0.739423 0.068182 0.708654 0.080256 0.701923
0 0.269886 0.097115 0.279830 0.095192 0.291903 0.071154 0.296165 0.028846 0.302557 0.024038 0.309659 0.035577 0.320312 0.021154 0.327415 0.000000
0 0.275568 0.274038 0.286222 0.259615 0.290483 0.248077 0.290483 0.232692 0.311790 0.184615 0.317472 0.180769
0 0.314631 0.948077 0.299716 0.939423 0.294034 0.925962 0.291903 0.926923 0.291903 0.938462 0.288352 0.939423 0.281250 0.918269 0.275568 0.918269 0.267045 0.924038 0.265625 0.922115
0 0.948864 0.733654 0.949574 0.728846 0.962358 0.709615 0.962358 0.703846 0.970881 0.688462
0 0.631392 0.394231 0.605114 0.379808 0.600852 0.372115 0.580966 0.372115 0.566761 0.381731 0.551847 0.375000 0.554688 0.355769 0.550426 0.348077 0.532670 0.335577
0 0.767756 0.367308 0.772017 0.390385 0.779119 0.400000 0.784801 0.421154 0.799716 0.441346 0.813920 0.450962 0.821733 0.461538 0.825284 0.475962
0 0.202415 0.875000 0.197443 0.874038 0.184659 0.854808 0.169034 0.839423 0.134943 0.812500
0 0.133523 0.972115 0.143466 0.956731 0.194602 0.910577 0.230824 0.861538
0 0.701705 0.466346 0.705966 0.456731 0.715909 0.449038 0.721591 0.441346 0.730114 0.435577 0.734375 0.435577 0.739347 0.432692
0 0.234375 0.141346 0.242188 0.132692 0.255682 0.108654 0.268466 0.102885 0.292614 0.100962 0.299006 0.094231
0 0.229403 0.142308 0.232955 0.143269 0.234375 0.147115 0.251420 0.147115 0.259233 0.159615 0.262074 0.180769 0.267045 0.195192
0 0.142756 0.269231 0.157670 0.297115 0.171875 0.306731 0.183239 0.297115 0.196733 0.307692 0.193892 0.321154 0.203835 0.344231 0.228693 0.375962
0 0.221591 0.695192 0.226562 0.690385 0.225142 0.686538 0.225142 0.675000 0.223722 0.673077 0.224432 0.666346 0.254972 0.661538
0 0.574574 0.271154 0.578835 0.275000 0.581676 0.288462 0.588068 0.299038 0.598011 0.304808 0.610795 0.302885 0.613636 0.308654
0 0.289062 0.778846 0.265625 0.758654 0.261364 0.756731 0.255682 0.756731 0.252841 0.758654 0.251420 0.752885
0 0.190341 0.183654 0.163352 0.191346 0.142045 0.204808 0.130682 0.218269 0.123580 0.218269 0.097301 0.251923
0 0.553267 0.078846 0.546165 0.059615 0.534091 0.043269 0.525568 0.037500
0 0.541903 0.642308 0.511364 0.631731 0.500000 0.620192 0.484375 0.612500 0.474432 0.602885 0.471591 0.595192
0 0.140625 0.424038 0.154119 0.405769 0.155540 0.386538 0.149858 0.369231 0.154119 0.363462 0.155540 0.344231 0.152699 0.330769 0.156960 0.321154
0 0.212358 0.786538 0.209517 0.784615 0.209517 0.775000 0.218040 0.763462 0.220881 0.751923 0.220881 0.740385 0.210227 0.722115 0.198864 0.718269 0.194602 0.712500
0 0.547585 0.507692 0.547585 0.511538 0.553267 0.525000 0.561080 0.535577 0.569602 0.539423 0.575994 0.550000 0.579545 0.560577
0 0.735795 0.554808 0.732955 0.560577 0.690341 0.593269 0.649858 0.609615
0 0.865767 0.667308 0.927557 0.712500 0.928267 0.726923 0.931818 0.731731
0 0.529830 0.714423 0.527699 0.721154 0.517756 0.734615 0.512074 0.769231 0.504972 0.780769
0 0.087358 0.546154 0.078835 0.538462 0.078835 0.528846 0.084517 0.525000 0.084517 0.488462 0.080256 0.459615 0.075284 0.450962
0 0.621449 0.169231 0.625000 0.170192 0.628551 0.175000 0.629972 0.186538 0.631392 0.188462 0.632812 0.196154 0.637074 0.203846 0.637784 0.212500
0 0.746449 0.980769 0.741477 0.979808 0.734375 0.968269 0.718750 0.956731 0.710938 0.940385 0.703125 0.931731
0 0.132812 0.569231 0.153409 0.587500 0.191761 0.606731 0.234375 0.650962
0 0.220170 0.066346 0.215909 0.074038 0.197443 0.085577 0.187500 0.099038 0.178977 0.100962 0.173295 0.110577 0.157670 0.122115 0.147017 0.136538
0 0.924006 0.353846 0.927557 0.358654 0.934659 0.362500 0.949574 0.380769 0.955966 0.397115
0 0.534801 0.046154 0.546165 0.059615 0.553977 0.079808 0.563210 0.078846 0.563210 0.094231 0.551847 0.094231 0.550426 0.117308 0.568182 0.168269
0 0.602983 0.886538 0.614347 0.907692 0.629972 0.925000 0.629972 0.948077 0.637784 0.968269
0 0.114347 0.196154 0.114347 0.140385 0.105114 0.122115
0 0.610795 0.060577 0.600142 0.090385 0.595881 0.098077 0.590909 0.102885 0.585938 0.103846
0 0.282670 0.154808 0.297585 0.128846 0.301847 0.115385 0.314631 0.101923 0.316051 0.092308
0 0.558949 0.092308 0.563210 0.096154 0.564631 0.111538 0.587358 0.167308 0.588778 0.188462 0.598011 0.218269
0 0.156250 0.433654 0.154119 0.442308 0.148438 0.451923 0.138494 0.478846 0.132812 0.480769
0 0.294744 0.926923 0.299006 0.938462 0.300426 0.957692 0.308239 0.968269 0.319602 0.970192 0.328125 0.989423
0 0.108665 0.436538 0.105824 0.442308 0.112926 0.465385 0.127841 0.481731 0.136364 0.479808 0.139205 0.487500
0 0.474432 0.525962 0.473722 0.530769 0.460938 0.553846 0.443182 0.577885 0.435369 0.580769
0 0.186080 0.100962 0.182528 0.109615 0.179688 0.136538 0.185369 0.150000 0.178977 0.158654 0.166193 0.158654 0.151278 0.169231
0 0.961648 0.710577 0.949574 0.728846 0.946733 0.746154 0.943892 0.750000
0 0.614347 0.876923 0.638494 0.925000 0.661932 0.947115
0 0.981534 0.416346 0.965199 0.436538 0.965199 0.444231 0.960227 0.452885 0.952415 0.457692
0 0.667614 0.456731 0.669744 0.451923 0.669744 0.442308 0.671165 0.440385 0.671165 0.438462 0.678977 0.425962 0.683949 0.423077
0 0.584517 0.163462 0.573153 0.134615 0.571733 0.125000 0.567472 0.119231 0.562500 0.102885
0 0.049716 0.645192 0.049006 0.646154 0.049006 0.650000 0.047585 0.651923 0.047585 0.653846 0.046165 0.655769 0.046165 0.657692 0.044744 0.659615 0.044744 0.661538 0.042614 0.664423 0.041193 0.664423 0.040483 0.665385
0 0.929688 0.011538 0.927557 0.008654 0.926136 0.008654 0.924716 0.006731 0.923295 0.006731 0.921875 0.004808 0.920455 0.004808 0.919034 0.002885 0.917614 0.002885
