0 0.455256 0.413462 0.453835 0.411538 0.455256 0.409615 0.450994 0.403846 0.450994 0.401923 0.449574 0.400000 0.449574 0.398077 0.446733 0.392308 0.446733 0.386538 0.446023 0.385577
0 0.339489 0.466346 0.340199 0.465385 0.340199 0.463462 0.346591 0.454808 0.350852 0.454808 0.351562 0.453846
0 0.949574 0.971154 0.942472 0.961538 0.942472 0.959615 0.941051 0.957692 0.941051 0.953846 0.940341 0.952885
0 0.921165 0.707692 0.920455 0.706731 0.919034 0.706731 0.917614 0.704808 0.916193 0.704808 0.909091 0.695192
0 0.175426 0.963462 0.176136 0.964423 0.180398 0.964423 0.183949 0.969231 0.183949 0.971154 0.185369 0.973077 0.185369 0.978846 0.186080 0.979808
0 0.975142 0.303846 0.975852 0.304808 0.978693 0.304808 0.980824 0.307692 0.980824 0.309615 0.985085 0.315385 0.985085 0.317308 0.985795 0.318269
0 0.194602 0.445192 0.193892 0.446154 0.193892 0.451923 0.186790 0.461538
0 0.767756 0.584615 0.767045 0.583654 0.765625 0.583654 0.759233 0.575000 0.759233 0.573077 0.758523 0.572115
0 0.168324 0.919231 0.172585 0.925000 0.172585 0.926923 0.174006 0.928846 0.174006 0.940385 0.174716 0.941346
0 0.202415 0.728846 0.201705 0.727885 0.200284 0.727885 0.196023 0.722115 0.194602 0.722115 0.192472 0.719231 0.192472 0.717308 0.191761 0.716346
0 0.879972 0.623077 0.879261 0.622115 0.877841 0.622115 0.875000 0.618269 0.873580 0.618269 0.871449 0.615385 0.871449 0.613462 0.870739 0.612500
0 0.517756 0.857692 0.518466 0.858654 0.519886 0.858654 0.523438 0.863462 0.523438 0.865385 0.524858 0.867308 0.524858 0.869231 0.525568 0.870192
0 0.347301 0.144231 0.348011 0.145192 0.349432 0.145192 0.350852 0.147115 0.352273 0.147115 0.355824 0.151923 0.355824 0.153846 0.357244 0.155769 0.357244 0.157692 0.357955 0.158654
0 0.830256 0.769231 0.829545 0.768269 0.828125 0.768269 0.825994 0.765385 0.825994 0.763462 0.819602 0.754808 0.818182 0.754808 0.816761 0.752885
0 0.810369 0.911538 0.811080 0.912500 0.812500 0.912500 0.813210 0.913462 0.813210 0.915385 0.817472 0.921154 0.817472 0.928846 0.818182 0.929808
0 0.419744 0.082692 0.420455 0.083654 0.423295 0.083654 0.428977 0.091346 0.430398 0.091346 0.431818 0.095192
0 0.206676 0.136538 0.205966 0.135577 0.204545 0.135577 0.203125 0.133654 0.201705 0.133654 0.196733 0.126923 0.196733 0.119231 0.196023 0.118269
0 0.468040 0.682692 0.467330 0.681731 0.465909 0.681731 0.464489 0.679808 0.463068 0.679808 0.462358 0.678846 0.462358 0.673077 0.460938 0.671154 0.460938 0.669231 0.460227 0.668269
0 0.702415 0.842308 0.701705 0.841346 0.700284 0.841346 0.694602 0.833654
0 0.055398 0.916346 0.056108 0.915385 0.056108 0.913462 0.057528 0.911538 0.057528 0.909615 0.059659 0.906731 0.061080 0.906731 0.061790 0.905769
0 0.781250 0.274038 0.781960 0.273077 0.781960 0.271154 0.783381 0.269231 0.783381 0.267308 0.785511 0.264423 0.788352 0.264423 0.789062 0.263462
0 0.485085 0.698077 0.484375 0.697115 0.482955 0.697115 0.480824 0.694231 0.480824 0.692308 0.477983 0.688462 0.477983 0.686538 0.476562 0.684615 0.476562 0.682692 0.475852 0.681731
0 0.990767 0.265385 0.990057 0.264423 0.988636 0.264423 0.983665 0.257692 0.983665 0.255769 0.981534 0.252885
0 0.000000 0.783654 0.000710 0.782692 0.000710 0.775000 0.002841 0.772115 0.004261 0.772115 0.007102 0.768269 0.008523 0.768269 0.009233 0.767308
0 0.979403 0.053846 0.979403 0.051923 0.977983 0.050000 0.977983 0.048077 0.975852 0.045192 0.974432 0.045192 0.965909 0.033654 0.964489 0.035577
0 0.746449 0.128846 0.747159 0.129808 0.752841 0.129808 0.754261 0.131731 0.758523 0.131731 0.759943 0.133654
0 0.673295 0.300962 0.676136 0.297115 0.677557 0.297115 0.678977 0.295192 0.680398 0.295192 0.681108 0.294231
0 0.649858 0.409615 0.649148 0.408654 0.647727 0.408654 0.646307 0.406731 0.644886 0.406731 0.641335 0.401923 0.641335 0.400000 0.640625 0.399038
0 0.760653 0.100000 0.761364 0.100962 0.764205 0.100962 0.769176 0.107692 0.769176 0.109615 0.769886 0.110577
0 0.536222 0.207692 0.537642 0.209615 0.536222 0.211538 0.536222 0.215385 0.537642 0.217308 0.537642 0.228846 0.538352 0.229808
0 0.480114 0.464423 0.480824 0.463462 0.480824 0.461538 0.482955 0.458654 0.484375 0.458654 0.485795 0.456731 0.487216 0.456731 0.489347 0.453846
0 0.966619 0.034615 0.974432 0.045192 0.975852 0.045192 0.977983 0.048077 0.977983 0.050000 0.978693 0.050962
0 0.154119 0.803846 0.151989 0.800962 0.150568 0.800962 0.149148 0.799038 0.147727 0.799038 0.146307 0.797115 0.144886 0.797115 0.143466 0.795192 0.142045 0.795192 0.140625 0.793269
0 0.719460 0.457692 0.720170 0.458654 0.721591 0.458654 0.725142 0.463462 0.725142 0.465385 0.726562 0.467308 0.726562 0.469231 0.727273 0.470192
0 0.691051 0.205769 0.690341 0.204808 0.688920 0.204808 0.681818 0.195192
0 0.750710 0.086538 0.754972 0.092308 0.754972 0.094231 0.756392 0.096154 0.756392 0.098077 0.757102 0.099038
0 0.857244 0.025000 0.857955 0.025962 0.862216 0.025962 0.864347 0.028846 0.864347 0.030769 0.865767 0.032692 0.865767 0.034615 0.866477 0.035577
0 0.416193 0.462500 0.415483 0.463462 0.415483 0.465385 0.414062 0.467308 0.414062 0.469231 0.411222 0.473077
0 0.816051 0.748077 0.816051 0.751923 0.818182 0.754808 0.819602 0.754808 0.825284 0.762500
0 0.826705 0.035577 0.825994 0.036538 0.825994 0.038462 0.824574 0.040385 0.824574 0.042308 0.822443 0.045192 0.819602 0.045192 0.818892 0.046154
0 0.458097 0.742308 0.460938 0.746154 0.460938 0.748077 0.462358 0.750000 0.462358 0.751923 0.463778 0.753846 0.463778 0.757692 0.464489 0.758654
0 0.644176 0.650000 0.651989 0.660577 0.653409 0.660577 0.656250 0.664423
0 0.419744 0.696154 0.420455 0.697115 0.421875 0.697115 0.423295 0.699038 0.424716 0.699038 0.426136 0.700962 0.427557 0.700962 0.428977 0.702885 0.430398 0.702885 0.431108 0.703846 0.431108 0.705769 0.431818 0.706731
0 0.446733 0.876923 0.443182 0.872115 0.441761 0.872115 0.438920 0.868269 0.431818 0.868269
0 0.062500 0.047115 0.063920 0.047115 0.065341 0.045192 0.066761 0.045192 0.071733 0.038462
0 0.425426 0.871154 0.426847 0.873077 0.426847 0.875000 0.428267 0.876923 0.428267 0.878846 0.431108 0.882692 0.431108 0.884615 0.431818 0.885577
0 0.083097 0.044231 0.082386 0.043269 0.080966 0.043269 0.079545 0.041346 0.078125 0.041346 0.076705 0.039423 0.075284 0.039423 0.073153 0.036538 0.073153 0.025000 0.072443 0.024038
0 0.428267 0.701923 0.427557 0.700962 0.426136 0.700962 0.424716 0.699038 0.423295 0.699038 0.421875 0.697115 0.420455 0.697115 0.419034 0.695192 0.417614 0.695192 0.416193 0.693269
0 0.186080 0.249038 0.185369 0.250000 0.185369 0.251923 0.181108 0.257692
0 0.710938 0.144231 0.711648 0.145192 0.713068 0.145192 0.715199 0.148077 0.715199 0.150000 0.718040 0.153846 0.718040 0.155769 0.719460 0.157692 0.719460 0.159615 0.720170 0.160577
0 0.171165 0.232692 0.171165 0.253846 0.171875 0.254808
0 0.141335 0.794231 0.142045 0.795192 0.143466 0.795192 0.144886 0.797115 0.146307 0.797115 0.147727 0.799038 0.149148 0.799038 0.150568 0.800962 0.151989 0.800962 0.153409 0.802885
0 0.546165 0.205769 0.546875 0.206731 0.548295 0.206731 0.551847 0.211538 0.551847 0.213462 0.553267 0.215385 0.553267 0.225000 0.553977 0.225962
0 0.446733 0.386538 0.446733 0.392308 0.448153 0.394231 0.448153 0.396154 0.449574 0.398077 0.449574 0.400000 0.450994 0.401923 0.450994 0.403846 0.454545 0.408654
0 0.188920 0.579808 0.188210 0.580769 0.188210 0.598077 0.186080 0.600962 0.184659 0.600962 0.183949 0.601923
0 0.205966 0.591346 0.205256 0.592308 0.205256 0.594231 0.203835 0.596154 0.203835 0.598077 0.200284 0.602885 0.198864 0.602885 0.198153 0.603846
0 0.357244 0.442308 0.355824 0.440385 0.355824 0.438462 0.352983 0.434615 0.352983 0.432692 0.351562 0.430769 0.351562 0.428846 0.350852 0.427885
0 0.656960 0.665385 0.653409 0.660577 0.651989 0.660577 0.644886 0.650962
0 0.460227 0.895192 0.457386 0.899038 0.455966 0.899038 0.449574 0.907692
0 0.314631 0.851923 0.312500 0.849038 0.311080 0.849038 0.306818 0.843269
0 0.784091 0.829808 0.784801 0.828846 0.784801 0.826923 0.785511 0.825962 0.788352 0.825962 0.791193 0.822115 0.792614 0.822115 0.793324 0.821154
0 0.022017 0.867308 0.021307 0.866346 0.019886 0.866346 0.017045 0.862500 0.015625 0.862500 0.013494 0.859615 0.013494 0.857692 0.012784 0.856731
0 0.443182 0.675962 0.444602 0.674038 0.446023 0.674038 0.450284 0.668269 0.451705 0.668269 0.452415 0.667308
0 0.725852 0.908654 0.725142 0.909615 0.725142 0.911538 0.722301 0.915385 0.722301 0.917308 0.718040 0.923077
0 0.270597 0.605769 0.269886 0.604808 0.268466 0.604808 0.267045 0.602885 0.262784 0.602885 0.259943 0.599038
0 0.512784 0.672115 0.512074 0.673077 0.512074 0.675000 0.511364 0.675962 0.508523 0.675962 0.505682 0.679808 0.504261 0.679808 0.502841 0.681731 0.501420 0.681731 0.500710 0.682692
0 0.431108 0.092308 0.430398 0.091346 0.428977 0.091346 0.422585 0.082692 0.422585 0.078846 0.421875 0.077885
0 0.976562 0.188462 0.975852 0.187500 0.968750 0.187500 0.965199 0.182692 0.965199 0.180769 0.961648 0.175962
0 0.736506 0.105769 0.737216 0.106731 0.738636 0.106731 0.740057 0.108654 0.741477 0.108654 0.742898 0.110577 0.744318 0.110577 0.745739 0.112500 0.750000 0.112500
0 0.431108 0.890385 0.431108 0.888462 0.432528 0.886538 0.431108 0.884615 0.431108 0.882692 0.428267 0.878846 0.428267 0.876923 0.427557 0.875962
0 0.367188 0.423077 0.366477 0.422115 0.365057 0.422115 0.362926 0.419231 0.362926 0.417308 0.361506 0.415385 0.362926 0.413462 0.361506 0.411538 0.361506 0.409615 0.360085 0.407692 0.360085 0.405769 0.359375 0.404808
0 0.506392 0.109615 0.508523 0.112500 0.511364 0.112500 0.512074 0.113462 0.512074 0.115385 0.512784 0.116346
0 0.800426 0.028846 0.799716 0.027885 0.798295 0.027885 0.796875 0.025962 0.795455 0.025962 0.793324 0.023077 0.793324 0.021154 0.791193 0.018269
0 0.838778 0.167308 0.839489 0.168269 0.840909 0.168269 0.842330 0.170192 0.843750 0.170192 0.845881 0.173077 0.845881 0.175000 0.846591 0.175962
0 0.513494 0.134615 0.517756 0.140385 0.517756 0.142308 0.518466 0.143269 0.519886 0.143269 0.521307 0.145192
0 0.330256 0.905769 0.329545 0.904808 0.328125 0.904808 0.326705 0.902885 0.325284 0.902885 0.323153 0.900000 0.323153 0.898077 0.319602 0.893269
0 0.351562 0.305769 0.349432 0.302885 0.348011 0.302885 0.345881 0.300000 0.345881 0.294231 0.345170 0.293269
0 0.546875 0.043269 0.547585 0.042308 0.547585 0.040385 0.549006 0.038462 0.549006 0.036538 0.551847 0.032692 0.551847 0.030769 0.553977 0.027885 0.555398 0.027885 0.556108 0.026923
0 0.982955 0.739423 0.984375 0.737500 0.985795 0.737500 0.987216 0.735577 0.988636 0.735577 0.990057 0.733654 0.991477 0.733654 0.992188 0.732692
0 0.519886 0.008654 0.520597 0.007692 0.520597 0.005769 0.522017 0.003846 0.522017 0.001923 0.523438 0.000000
0 0.450284 0.906731 0.455966 0.899038 0.457386 0.899038 0.458097 0.898077
0 0.000000 0.029808 0.001420 0.027885 0.002841 0.027885 0.004972 0.025000
0 0.011364 0.077885 0.010653 0.078846 0.010653 0.080769 0.006392 0.086538
0 0.197443 0.993269 0.198153 0.992308 0.198153 0.990385 0.199574 0.988462 0.199574 0.986538 0.206676 0.976923
0 0.314631 0.476923 0.314631 0.478846 0.320312 0.486538 0.320312 0.488462 0.321023 0.489423
0 0.072443 0.037500 0.066761 0.045192 0.065341 0.045192 0.064631 0.046154
0 0.248580 0.166346 0.250000 0.166346 0.250710 0.165385 0.250710 0.163462 0.252841 0.160577 0.254261 0.160577 0.254972 0.159615
0 0.444602 0.900962 0.443892 0.901923 0.443892 0.903846 0.441051 0.907692
0 0.000000 0.510577 0.002841 0.506731 0.005682 0.506731 0.006392 0.505769
0 0.952415 0.794231 0.951705 0.793269 0.946023 0.793269 0.943182 0.789423
0 0.354403 0.398077 0.355114 0.399038 0.356534 0.399038 0.358665 0.401923 0.358665 0.403846 0.360085 0.405769 0.360085 0.407692 0.361506 0.409615 0.361506 0.411538 0.362216 0.412500
0 0.500000 0.683654 0.501420 0.681731 0.502841 0.681731 0.504261 0.679808 0.505682 0.679808 0.507812 0.676923
0 0.522727 0.000962 0.522017 0.001923 0.522017 0.003846 0.520597 0.005769 0.520597 0.007692 0.519176 0.009615 0.519176 0.011538
0 0.865767 0.851923 0.867188 0.853846 0.867188 0.855769 0.869318 0.858654
0 0.601562 0.009615 0.600852 0.008654 0.599432 0.008654 0.598011 0.006731 0.595170 0.006731 0.593040 0.003846 0.593040 0.001923 0.592330 0.000962
