0 0.100142 0.734615 0.125000 0.735577 0.132812 0.742308 0.131392 0.771154 0.159801 0.796154 0.161222 0.817308 0.175426 0.846154 0.176847 0.865385 0.191761 0.891346
0 0.124290 0.025000 0.129972 0.038462 0.131392 0.053846 0.144176 0.076923 0.149148 0.124038
0 0.912642 0.253846 0.930398 0.256731 0.946023 0.270192 0.973011 0.281731 0.978693 0.299038
0 0.937500 0.674038 0.934659 0.681731 0.930398 0.683654 0.904830 0.714423 0.897017 0.719231
0 0.907670 0.543269 0.902699 0.580769 0.904119 0.605769 0.871449 0.636538
0 0.492188 0.369231 0.477273 0.364423 0.460227 0.352885 0.449574 0.330769 0.431818 0.306731
0 0.058239 0.787500 0.047585 0.813462 0.047585 0.825000 0.041903 0.840385 0.019886 0.839423 0.014915 0.846154
0 0.217330 0.012500 0.209517 0.028846 0.172585 0.075000 0.152699 0.128846
0 0.240767 0.998077 0.233665 0.982692 0.227273 0.974038 0.228693 0.997115 0.225852 0.997115 0.223722 0.992308 0.222301 0.978846 0.217330 0.974038 0.212358 0.975000 0.218040 0.994231 0.216619 0.998077
0 0.753551 0.863462 0.747869 0.844231 0.756392 0.828846 0.754972 0.784615 0.748580 0.770192 0.715909 0.747115 0.711648 0.739423
0 0.310369 0.613462 0.306108 0.609615 0.300426 0.553846 0.287642 0.521154 0.267045 0.485577
0 0.788352 0.672115 0.816051 0.642308 0.816761 0.624038 0.838068 0.624038 0.848722 0.615385
0 0.585227 0.435577 0.644886 0.383654 0.678977 0.362500 0.693892 0.361538
0 0.769886 0.458654 0.742188 0.484615 0.736506 0.521154 0.747869 0.521154 0.746449 0.534615 0.749290 0.544231 0.738636 0.541346 0.713778 0.548077
0 0.461648 0.558654 0.451705 0.568269 0.409091 0.589423 0.395597 0.603846 0.394176 0.613462
0 0.437500 0.987500 0.460938 0.953846 0.487926 0.894231
0 0.689631 0.757692 0.692472 0.769231 0.698864 0.777885 0.707386 0.775962 0.715199 0.784615 0.723722 0.800000 0.727273 0.812500
0 0.198153 0.888462 0.190341 0.885577 0.183949 0.873077 0.176847 0.865385 0.175426 0.842308 0.169744 0.836538 0.161932 0.818269
0 0.794744 0.036538 0.806818 0.039423 0.816051 0.053846 0.820312 0.100000 0.837358 0.138462 0.855114 0.160577
0 0.040483 0.311538 0.049006 0.319231 0.051847 0.326923 0.063210 0.344231 0.063210 0.348077 0.067472 0.357692 0.068182 0.366346
0 0.095170 0.077885 0.087358 0.086538 0.089489 0.097115 0.051136 0.095192 0.014205 0.112500 0.000710 0.126923
0 0.940341 0.718269 0.977983 0.636538 0.986506 0.628846
0 0.621449 0.844231 0.632102 0.852885 0.640625 0.854808 0.648438 0.865385 0.656250 0.885577
0 0.761364 0.574038 0.757102 0.585577 0.742898 0.585577 0.723011 0.593269 0.705966 0.604808 0.681108 0.630769
0 0.420455 0.191346 0.423295 0.185577 0.436080 0.181731 0.455966 0.166346 0.465909 0.152885 0.497869 0.134615
0 0.826705 0.716346 0.823153 0.738462 0.814631 0.755769 0.814631 0.784615 0.811080 0.789423 0.805398 0.789423 0.799006 0.798077
0 0.078125 0.885577 0.086648 0.872115 0.098011 0.864423 0.119318 0.866346 0.123580 0.862500 0.135653 0.859615
0 0.960227 0.910577 0.951705 0.920192 0.930398 0.922115 0.919034 0.933654 0.909091 0.931731 0.872869 0.959615
0 0.424716 0.295192 0.470170 0.270192 0.477983 0.259615 0.480824 0.244231 0.495028 0.236538
0 0.637784 0.616346 0.613636 0.629808 0.598722 0.653846 0.598722 0.676923 0.592330 0.687500 0.579545 0.689423 0.549716 0.677885 0.529119 0.690385
0 0.820312 0.786538 0.827415 0.796154 0.827415 0.805769 0.820312 0.813462 0.821733 0.834615 0.830256 0.863462 0.838068 0.866346 0.842330 0.877885
0 0.147017 0.536538 0.149858 0.546154 0.148438 0.555769 0.137074 0.565385 0.132812 0.576923 0.132812 0.592308 0.135653 0.603846 0.140625 0.610577 0.157670 0.610577 0.161222 0.613462 0.161932 0.618269
0 0.403409 0.931731 0.392045 0.941346 0.377841 0.947115 0.338778 0.978846
0 0.764915 0.953846 0.755682 0.935577 0.722301 0.903846 0.718040 0.894231 0.716619 0.871154 0.708807 0.860577
0 0.546165 0.561538 0.563920 0.568269 0.575284 0.568269 0.580966 0.562500 0.598011 0.566346 0.602983 0.575000 0.603693 0.589423 0.632102 0.608654
0 0.154119 0.905769 0.164773 0.914423 0.193892 0.955769 0.192472 0.961538 0.196733 0.973077 0.213068 0.997115
0 0.625710 0.182692 0.621449 0.175000 0.621449 0.169231 0.604403 0.119231 0.588068 0.099038
0 0.051136 0.681731 0.037642 0.705769 0.026989 0.731731 0.022727 0.724038 0.015625 0.724038 0.005682 0.729808 0.000710 0.738462
0 0.057528 0.534615 0.041903 0.498077 0.016335 0.461538 0.000000 0.427885
0 0.740767 0.842308 0.715199 0.780769 0.711648 0.775962 0.698864 0.777885 0.691761 0.764423
0 0.181108 0.175000 0.190341 0.181731 0.196023 0.181731 0.225852 0.202885 0.240767 0.219231 0.244318 0.231731
0 0.048295 0.604808 0.060369 0.588462 0.061790 0.573077 0.068182 0.560577 0.099432 0.550962 0.122869 0.530769
0 0.079545 0.712500 0.067472 0.740385 0.056108 0.753846 0.051847 0.765385 0.044744 0.773077
0 0.632812 0.013462 0.636364 0.014423 0.647017 0.028846 0.649858 0.038462 0.654830 0.041346 0.661222 0.050000 0.664773 0.064423
0 0.030540 0.584615 0.039773 0.599038 0.056818 0.612500 0.078125 0.637500
0 0.136364 0.854808 0.130682 0.862500 0.126420 0.860577 0.119318 0.866346 0.106534 0.866346 0.098011 0.862500 0.077415 0.878846
0 0.782670 0.004808 0.781960 0.025000 0.774148 0.035577 0.745739 0.039423 0.731534 0.054808 0.722301 0.057692
0 0.959517 0.407692 0.954545 0.406731 0.938920 0.395192 0.928977 0.391346 0.920455 0.391346 0.914773 0.387500 0.907670 0.387500 0.901989 0.381731
0 0.260653 0.205769 0.244318 0.204808 0.230114 0.197115 0.221591 0.199038 0.183239 0.174038 0.181818 0.170192
0 0.257812 0.213462 0.277699 0.230769 0.281960 0.251923 0.299716 0.293269
0 0.047585 0.188462 0.091619 0.242308 0.113636 0.297115
0 0.424716 0.000962 0.414773 0.014423 0.399148 0.022115 0.379261 0.041346 0.372869 0.053846 0.371449 0.067308
0 0.580256 0.040385 0.571023 0.031731 0.553977 0.025962 0.534091 0.035577 0.522727 0.033654 0.512784 0.039423 0.500000 0.039423 0.495739 0.035577
0 0.745739 0.147115 0.747869 0.136538 0.760653 0.119231 0.777699 0.075000 0.781960 0.057692 0.776278 0.036538 0.779119 0.032692
0 0.669744 0.825000 0.673295 0.837500 0.683239 0.839423 0.691051 0.846154 0.682528 0.861538 0.682528 0.876923 0.688210 0.888462 0.689631 0.898077 0.700284 0.904808
0 0.870739 0.435577 0.862216 0.449038 0.854403 0.455769 0.847301 0.480769 0.842330 0.487500 0.829545 0.483654 0.811790 0.492308
0 0.904119 0.113462 0.839489 0.064423 0.819602 0.058654 0.811080 0.041346
0 0.340199 0.296154 0.326705 0.289423 0.319602 0.289423 0.316761 0.285577 0.308239 0.293269 0.302557 0.293269 0.291903 0.275000 0.281250 0.247115
0 0.948864 0.141346 0.944602 0.143269 0.935369 0.159615 0.926847 0.182692 0.925426 0.194231 0.919744 0.201923
0 0.101562 0.257692 0.132102 0.283654 0.238636 0.431731
0 0.772727 0.175962 0.765625 0.189423 0.754261 0.199038 0.751420 0.199038 0.742898 0.187500 0.731534 0.189423 0.726562 0.196154 0.729403 0.213462 0.727983 0.221154 0.725142 0.223077
0 0.842330 0.854808 0.873580 0.847115 0.907670 0.829808 0.929688 0.803846 0.946733 0.775000
0 0.500710 0.436538 0.509943 0.441346 0.512074 0.446154 0.507812 0.467308 0.507812 0.478846 0.512784 0.499038
0 0.466619 0.488462 0.470881 0.494231 0.472301 0.505769 0.480824 0.517308 0.469460 0.530769 0.463778 0.544231 0.470170 0.545192 0.481534 0.537500 0.484375 0.547115
0 0.467330 0.054808 0.451705 0.047115 0.450994 0.057692 0.456676 0.069231 0.453125 0.077885 0.416903 0.090385
0 0.669744 0.071154 0.664062 0.053846 0.655540 0.042308 0.655540 0.038462 0.647017 0.028846 0.636364 0.008654 0.626420 0.002885
0 0.376420 0.054808 0.390625 0.031731 0.397727 0.029808 0.416193 0.016346 0.421165 0.015385
0 0.993608 0.501923 0.980824 0.494231 0.977983 0.440385 0.964489 0.412500 0.982955 0.416346 0.995028 0.411538
0 0.179688 0.938462 0.171165 0.923077 0.153409 0.902885 0.144886 0.904808 0.134943 0.900962
0 0.470170 0.049038 0.494318 0.039423 0.531250 0.039423 0.539062 0.034615
0 0.541193 0.249038 0.537642 0.257692 0.537642 0.313462 0.536222 0.323077
0 0.002131 0.540385 0.015625 0.550962 0.056818 0.560577 0.061080 0.570192
0 0.654830 0.964423 0.657670 0.958654 0.660511 0.962500 0.662642 0.959615 0.666903 0.948077 0.669744 0.944231 0.672585 0.934615 0.679688 0.923077
0 0.114347 0.942308 0.122159 0.958654 0.133523 0.970192 0.142045 0.974038 0.156250 0.997115
0 0.752841 0.254808 0.750000 0.262500 0.738636 0.254808 0.728693 0.243269 0.719460 0.259615 0.712358 0.286538
0 0.808949 0.003846 0.829545 0.004808 0.837358 0.025000 0.836648 0.027885 0.832386 0.024038 0.833807 0.029808 0.845170 0.041346 0.853693 0.041346 0.867898 0.050962
0 0.602983 0.063462 0.590199 0.059615 0.587358 0.051923 0.587358 0.042308 0.593040 0.025000 0.585938 0.009615 0.576705 0.000962
0 0.296165 0.957692 0.312500 0.964423 0.325284 0.960577 0.330256 0.971154 0.331676 0.982692 0.338068 0.983654 0.342330 0.997115
0 0.964489 0.397115 0.965199 0.396154 0.965199 0.390385 0.966619 0.388462 0.966619 0.382692 0.968040 0.380769 0.968040 0.361538
0 0.659801 0.961538 0.652699 0.951923 0.648438 0.940385 0.648438 0.930769 0.642756 0.925000 0.639205 0.916346
0 0.826705 0.425962 0.828835 0.413462 0.838778 0.394231 0.848722 0.380769
0 0.782670 0.410577 0.802557 0.414423 0.812500 0.408654 0.838778 0.378846 0.850142 0.351923
0 0.466619 0.048077 0.463778 0.042308 0.463778 0.034615 0.458097 0.030769 0.456676 0.021154 0.452415 0.009615 0.444602 0.002885
0 0.771307 0.512500 0.772017 0.505769 0.773438 0.503846 0.773438 0.490385 0.777699 0.480769 0.788352 0.468269 0.794744 0.465385
0 0.776278 0.478846 0.773438 0.473077 0.772017 0.463462 0.777699 0.457692 0.779119 0.451923 0.777699 0.440385 0.774148 0.433654 0.766335 0.432692 0.764205 0.420192
0 0.696733 0.853846 0.700284 0.854808 0.701705 0.856731 0.708807 0.860577 0.712358 0.865385 0.712358 0.867308 0.717330 0.879808
0 0.502131 0.121154 0.489347 0.101923 0.486506 0.082692 0.480114 0.072115
0 0.737216 0.508654 0.742188 0.494231 0.742188 0.484615 0.763494 0.463462
0 0.113636 0.000962 0.106534 0.012500 0.098011 0.018269 0.094460 0.017308 0.095170 0.008654 0.083807 0.012500 0.075994 0.028846 0.074574 0.038462
0 0.866477 0.133654 0.867898 0.131731 0.869318 0.131731 0.872159 0.127885 0.873580 0.127885 0.878551 0.119231 0.878551 0.101923
0 0.495028 0.128846 0.488636 0.125962 0.477273 0.125962 0.463068 0.116346 0.448864 0.099038 0.438920 0.093269
0 0.990767 0.169231 0.948864 0.139423 0.909091 0.120192
0 0.773438 0.948077 0.775568 0.949038 0.780540 0.955769 0.784801 0.965385 0.793324 0.975000 0.796165 0.980769 0.798295 0.993269
0 0.453835 0.048077 0.476562 0.063462 0.479403 0.073077 0.486506 0.082692 0.490057 0.104808
0 0.450994 0.105769 0.463068 0.118269 0.468750 0.120192 0.477273 0.127885 0.494318 0.127885 0.500000 0.131731
0 0.723011 0.916346 0.715909 0.920192 0.715199 0.923077 0.709517 0.928846 0.708097 0.934615 0.712358 0.946154 0.708097 0.953846
0 0.259943 0.000962 0.237926 0.026923 0.235085 0.040385 0.230824 0.044231
0 0.997869 0.626923 0.992898 0.622115 0.985795 0.622115 0.974432 0.612500 0.967330 0.610577 0.963068 0.599038
0 0.962358 0.136538 0.938920 0.120192 0.929688 0.109615 0.926136 0.100962 0.916193 0.093269
0 0.505682 0.120192 0.522017 0.078846 0.524858 0.067308
0 0.232955 0.572115 0.231534 0.574038 0.230114 0.574038 0.223011 0.583654 0.207386 0.583654 0.206676 0.584615
0 0.521307 0.164423 0.520597 0.167308 0.517045 0.170192 0.512784 0.170192 0.511364 0.172115 0.507102 0.172115 0.505682 0.174038 0.501420 0.174038 0.500000 0.175962 0.492898 0.177885 0.486506 0.192308
0 0.193182 0.591346 0.196023 0.587500 0.203125 0.587500 0.207386 0.583654 0.224432 0.583654 0.225142 0.582692
