0 0.611506 0.667308 0.624290 0.684615 0.615767 0.769231 0.649148 0.789423 0.668324 0.813462 0.670455 0.824038
0 0.882102 0.918269 0.896307 0.897115 0.916193 0.906731 0.921165 0.901923 0.922585 0.892308 0.912642 0.876923 0.912642 0.863462 0.939631 0.838462 0.950994 0.792308
0 0.500000 0.477885 0.482244 0.515385 0.479403 0.575000 0.446733 0.621154
0 0.117898 0.250962 0.121449 0.234615 0.118608 0.207692 0.125710 0.196154 0.134233 0.167308
0 0.616477 0.743269 0.628551 0.703846 0.632812 0.659615 0.636364 0.652885 0.645597 0.648077
0 0.126420 0.150962 0.143466 0.139423 0.151278 0.128846 0.168324 0.071154 0.169744 0.055769 0.175426 0.048077
0 0.289062 0.000000 0.345170 0.031731 0.380682 0.037500 0.404830 0.054808 0.431818 0.062500
0 0.218750 0.297115 0.213778 0.315385 0.186080 0.347115 0.170455 0.349038 0.139915 0.361538
0 0.667614 0.170192 0.674006 0.157692 0.674006 0.140385 0.685369 0.121154 0.684659 0.099038 0.690341 0.099038 0.698153 0.119231 0.707386 0.125962 0.713068 0.124038 0.720881 0.111538 0.726562 0.138462 0.728693 0.185577
0 0.141335 0.617308 0.138494 0.611538 0.137074 0.586538 0.128551 0.563462 0.120739 0.554808 0.110795 0.549038 0.109375 0.545192
0 0.668324 0.275000 0.683239 0.293269 0.693182 0.293269 0.701705 0.302885 0.721591 0.314423 0.727273 0.325962
0 0.816051 0.773077 0.803977 0.754808 0.776989 0.747115 0.749290 0.701923 0.721591 0.668269
0 0.515625 0.850962 0.520597 0.846154 0.520597 0.842308 0.525568 0.835577 0.529830 0.835577 0.534091 0.839423 0.551136 0.841346 0.563920 0.833654 0.568182 0.825962 0.573153 0.823077
0 0.598011 0.908654 0.599432 0.904808 0.615057 0.900962 0.644886 0.874038 0.651989 0.862500 0.664773 0.856731 0.666903 0.848077 0.656960 0.842308 0.669744 0.826923
0 0.492898 0.631731 0.495028 0.607692 0.502131 0.590385 0.526989 0.570192 0.534801 0.559615
0 0.404119 0.721154 0.377841 0.695192 0.363636 0.670192 0.332386 0.679808 0.334517 0.657692 0.324574 0.642308 0.325994 0.625000 0.321023 0.616346
0 0.275568 0.843269 0.315341 0.835577 0.367898 0.797115 0.377841 0.800962 0.379972 0.796154
0 0.394176 0.480769 0.376420 0.454808 0.353693 0.441346 0.328125 0.439423 0.319602 0.425962
0 0.953125 0.929808 0.958097 0.911538 0.969460 0.894231 0.979403 0.867308 0.983665 0.850000 0.983665 0.834615
0 0.147017 0.944231 0.144176 0.923077 0.133523 0.893269 0.126420 0.895192 0.121449 0.905769 0.106534 0.922115 0.097301 0.900000 0.096591 0.879808
0 0.524148 0.572115 0.502131 0.590385 0.495028 0.607692 0.492898 0.631731 0.468750 0.643269 0.432528 0.650000
0 0.759943 0.020192 0.757812 0.032692 0.742898 0.074038 0.731534 0.066346 0.721591 0.066346 0.710227 0.074038
0 0.802557 0.410577 0.803977 0.406731 0.815341 0.402885 0.816051 0.394231 0.821023 0.391346 0.823864 0.383654 0.833097 0.378846 0.850142 0.340385 0.860085 0.330769
0 0.255682 0.956731 0.257812 0.950000 0.265625 0.943269 0.278409 0.949038 0.288352 0.949038 0.309659 0.931731 0.318892 0.930769
0 0.997869 0.850000 0.956676 0.805769 0.936080 0.749038
0 0.188210 0.165385 0.244318 0.204808 0.262784 0.206731 0.272727 0.202885 0.279830 0.208654
0 0.794034 0.622115 0.779830 0.625962 0.751420 0.649038 0.728693 0.656731 0.697443 0.654808 0.685369 0.665385
0 0.603693 0.850962 0.598722 0.876923 0.581676 0.907692 0.586648 0.912500 0.598722 0.907692 0.593040 0.946154 0.598722 0.980769 0.593040 0.990385
0 0.925426 0.261538 0.892045 0.218269 0.878551 0.215385 0.855114 0.162500
0 0.406960 0.723077 0.411932 0.733654 0.421165 0.732692 0.433949 0.782692 0.448864 0.808654
0 0.775568 0.166346 0.773438 0.176923 0.766335 0.188462 0.759233 0.207692 0.760653 0.234615 0.754972 0.242308
0 0.539062 0.763462 0.533381 0.759615 0.534801 0.740385 0.522017 0.684615 0.492898 0.647115
0 0.860795 0.089423 0.870028 0.055769 0.882102 0.039423 0.881392 0.050000 0.887784 0.064423 0.925426 0.051923 0.913352 0.064423 0.896307 0.068269 0.874290 0.084615 0.875000 0.089423 0.887074 0.096154 0.888494 0.103846 0.884233 0.111538
0 0.192472 0.492308 0.241477 0.518269 0.254261 0.520192 0.258523 0.525962
0 0.911222 0.430769 0.887784 0.420192 0.876420 0.420192 0.871449 0.411538 0.865057 0.374038
0 0.375710 0.800000 0.370028 0.796154 0.370028 0.767308 0.360085 0.728846 0.360085 0.715385 0.345170 0.679808
0 0.547585 0.359615 0.522727 0.343269 0.509943 0.345192 0.489347 0.313462 0.493608 0.301923 0.489347 0.273077 0.493608 0.269231 0.488636 0.258654
0 0.669744 0.813462 0.691761 0.837500 0.721591 0.843269 0.755682 0.872115 0.767045 0.868269 0.774148 0.877885
0 0.816051 0.169231 0.826705 0.187500 0.851562 0.207692 0.855824 0.215385 0.858665 0.234615 0.872159 0.266346
0 0.406250 0.718269 0.421165 0.684615 0.432528 0.669231 0.428267 0.659615 0.430398 0.650962 0.463778 0.642308
0 0.625000 0.056731 0.628551 0.044231 0.634943 0.039423 0.654830 0.050962 0.696023 0.050962 0.716619 0.038462
0 0.998580 0.406731 0.993608 0.417308 0.993608 0.436538 0.988636 0.437500 0.980114 0.452885 0.960227 0.470192 0.935369 0.478846
0 0.919744 0.288462 0.903409 0.272115 0.890625 0.268269 0.879261 0.268269 0.873580 0.272115 0.871449 0.261538 0.858665 0.234615 0.856534 0.222115
0 0.177557 0.689423 0.158381 0.715385 0.139915 0.763462 0.139915 0.769231 0.142756 0.771154 0.141335 0.778846 0.132812 0.790385
0 0.730114 0.654808 0.751420 0.649038 0.779830 0.625962 0.789062 0.625000 0.775568 0.633654 0.774858 0.644231 0.790483 0.663462 0.762784 0.687500
0 0.013494 0.167308 0.020597 0.173077 0.019176 0.186538 0.023438 0.209615 0.035511 0.212500 0.042614 0.235577
0 0.757102 0.766346 0.754972 0.773077 0.744318 0.783654 0.737926 0.794231 0.728693 0.822115 0.724432 0.814423 0.713778 0.807692 0.716619 0.790385 0.734375 0.775962 0.749290 0.755769
0 0.725852 0.499038 0.730824 0.492308 0.727983 0.484615 0.732955 0.475962 0.768466 0.475962 0.781250 0.470192 0.783381 0.465385
0 0.870028 0.165385 0.855114 0.160577 0.848011 0.149038 0.838778 0.140385 0.832386 0.127885 0.819602 0.116346
0 0.816051 0.107692 0.819602 0.116346 0.832386 0.127885 0.838778 0.140385 0.851562 0.153846 0.862926 0.184615 0.868608 0.190385 0.869318 0.197115
0 0.514205 0.993269 0.530540 0.955769 0.534801 0.911538 0.556108 0.907692
0 0.993608 0.400000 0.990767 0.398077 0.990767 0.380769 0.976562 0.351923 0.965909 0.341346 0.957386 0.339423 0.950284 0.329808
0 0.118608 0.205769 0.094460 0.155769 0.080256 0.136538 0.066761 0.102885
0 0.053977 0.597115 0.052557 0.600962 0.045455 0.604808 0.035511 0.604808 0.026989 0.616346 0.009943 0.627885 0.000710 0.651923
0 0.274858 0.109615 0.261364 0.095192 0.250000 0.087500 0.238636 0.085577 0.227273 0.068269
0 0.431108 0.250000 0.453125 0.264423 0.467330 0.270192 0.478693 0.270192 0.486506 0.276923 0.492898 0.291346
0 0.346591 0.352885 0.353693 0.345192 0.362216 0.345192 0.388494 0.305769 0.391335 0.294231 0.399858 0.286538
0 0.745028 0.540385 0.755682 0.547115 0.766335 0.569231 0.779830 0.585577 0.792614 0.591346
0 0.657670 0.539423 0.653409 0.547115 0.647727 0.547115 0.639915 0.555769 0.622869 0.588462
0 0.216619 0.061538 0.220170 0.068269 0.225852 0.066346 0.238636 0.085577 0.250000 0.087500 0.261364 0.095192 0.278409 0.114423
0 0.085227 0.181731 0.075284 0.185577 0.040483 0.211538
0 0.140625 0.762500 0.161932 0.710577 0.170455 0.704808 0.188920 0.704808 0.199574 0.694231
0 0.278409 0.014423 0.272017 0.030769 0.272727 0.039423 0.251420 0.041346 0.223722 0.067308
0 0.507102 0.345192 0.503551 0.353846 0.503551 0.367308 0.498580 0.372115 0.491477 0.372115 0.481534 0.383654 0.473722 0.386538
0 0.564631 0.759615 0.561790 0.746154 0.553977 0.743269 0.551847 0.736538 0.556108 0.692308 0.549006 0.665385 0.539773 0.650962
0 0.797585 0.013462 0.791903 0.021154 0.791903 0.046154 0.803267 0.078846 0.792614 0.074038 0.759943 0.077885 0.757102 0.072115 0.794744 0.009615
0 0.666193 0.850962 0.664773 0.856731 0.651989 0.862500 0.644886 0.874038 0.615057 0.900962 0.603693 0.902885 0.590199 0.911538
0 0.846591 0.006731 0.842330 0.016346 0.828125 0.014423 0.824574 0.017308 0.823153 0.028846 0.817472 0.044231 0.811790 0.084615
0 0.807528 0.736538 0.799006 0.705769 0.799006 0.676923 0.775568 0.645192
0 0.368608 0.036538 0.345170 0.031731 0.301136 0.010577 0.289773 0.000962
0 0.916193 0.483654 0.921875 0.475962 0.934659 0.479808 0.960227 0.470192 0.980114 0.452885 0.987926 0.438462
0 0.268466 0.664423 0.272727 0.658654 0.281250 0.658654 0.321733 0.644231
0 0.056818 0.370192 0.061790 0.344231 0.063920 0.341346 0.075994 0.334615
0 0.883523 0.033654 0.882812 0.038462 0.870028 0.055769 0.858665 0.094231
0 0.268466 0.631731 0.272727 0.627885 0.284091 0.627885 0.302557 0.622115 0.318892 0.613462
0 0.726562 0.123077 0.718040 0.101923 0.715199 0.088462 0.708807 0.077885
0 0.698153 0.521154 0.704545 0.529808 0.711648 0.531731 0.713068 0.533654 0.720170 0.533654 0.721591 0.531731 0.727273 0.531731 0.728693 0.529808 0.734375 0.529808 0.737216 0.533654
0 0.737926 0.425000 0.755682 0.449038 0.769886 0.458654 0.781250 0.456731 0.784091 0.462500
0 0.059659 0.987500 0.061080 0.983654 0.067472 0.978846 0.078835 0.955769 0.080256 0.950000 0.085938 0.944231
0 0.779830 0.610577 0.791193 0.593269 0.796875 0.589423 0.812500 0.589423 0.843040 0.565385
0 0.715909 0.795192 0.715199 0.796154 0.715199 0.801923 0.713778 0.803846 0.713778 0.807692 0.713068 0.808654 0.711648 0.806731 0.703125 0.806731 0.702415 0.807692 0.702415 0.815385
0 0.905540 0.057692 0.904119 0.055769 0.904119 0.042308 0.902699 0.040385 0.902699 0.025000 0.900568 0.020192
0 0.953125 0.995192 0.959517 0.984615 0.964489 0.966346 0.971591 0.970192 0.982955 0.972115 0.997869 0.963462
0 0.723722 0.580769 0.731534 0.593269 0.744318 0.597115 0.757102 0.597115 0.775568 0.608654
0 0.712358 0.807692 0.724432 0.814423 0.730824 0.825000 0.733665 0.836538 0.745739 0.850962 0.761364 0.860577 0.764205 0.868269
0 0.587358 0.725000 0.583097 0.721154 0.577415 0.705769 0.574574 0.690385 0.571023 0.681731
0 0.351562 0.955769 0.352983 0.957692 0.352983 0.959615 0.354403 0.961538 0.354403 0.963462 0.355824 0.965385 0.355824 0.967308 0.357244 0.969231 0.357244 0.971154 0.358665 0.973077 0.358665 0.975000 0.359375 0.975962
0 0.892756 0.000000 0.892756 0.007692 0.888494 0.015385 0.885653 0.025000 0.877841 0.033654 0.874290 0.034615
0 0.882102 0.043269 0.882812 0.034615 0.884233 0.032692 0.884233 0.026923 0.888494 0.015385 0.892756 0.007692 0.892756 0.000000
0 0.000710 0.065385 0.010653 0.092308 0.010653 0.126923 0.024148 0.164423
0 0.706676 0.125000 0.705966 0.124038 0.703125 0.124038 0.701705 0.122115 0.700284 0.122115 0.698153 0.119231 0.696733 0.113462 0.693892 0.109615 0.693892 0.107692 0.692472 0.105769 0.691761 0.102885
0 0.234375 0.997115 0.237216 0.993269 0.248580 0.985577 0.252841 0.985577 0.254261 0.983654 0.263494 0.980769
0 0.989347 0.226923 0.989347 0.223077 0.987216 0.220192 0.985795 0.220192 0.984375 0.218269 0.977273 0.218269 0.975852 0.220192 0.973011 0.220192 0.971591 0.216346
0 0.970881 0.236538 0.972301 0.238462 0.972301 0.240385 0.974432 0.243269 0.975852 0.243269 0.977273 0.245192 0.978693 0.245192 0.980114 0.247115 0.982955 0.247115 0.984375 0.245192 0.985795 0.249038
0 0.979403 0.246154 0.978693 0.245192 0.977273 0.245192 0.975852 0.243269 0.974432 0.243269 0.972301 0.240385 0.972301 0.238462 0.971591 0.237500
0 0.987216 0.193269 0.992188 0.186538 0.992188 0.184615 0.995739 0.179808 0.997159 0.179808 0.997869 0.178846
