0 0.825994 0.257692 0.815341 0.252885 0.776989 0.202885 0.710227 0.208654 0.691051 0.167308 0.684659 0.135577
0 0.328125 0.214423 0.348722 0.190385 0.351562 0.165385 0.341619 0.138462 0.345881 0.115385 0.366477 0.095192 0.401989 0.087500 0.415483 0.076923
0 0.957386 0.250962 0.954545 0.291346 0.911932 0.293269 0.879261 0.358654 0.853693 0.370192 0.842330 0.362500 0.821733 0.384615
0 0.670455 0.683654 0.678267 0.650000 0.691761 0.639423 0.721591 0.674038 0.775568 0.664423 0.811790 0.628846 0.825994 0.584615 0.835938 0.576923
0 0.519886 0.302885 0.511364 0.329808 0.501420 0.310577 0.474432 0.350962 0.466619 0.344231 0.453125 0.304808 0.417614 0.300962 0.389205 0.322115 0.379972 0.350000 0.368608 0.357692
0 0.247869 0.648077 0.205966 0.643269 0.147727 0.622115 0.142756 0.573077 0.125000 0.541346
0 0.418324 0.934615 0.407670 0.927885 0.400568 0.912500 0.375000 0.912500 0.361506 0.894231 0.357244 0.878846 0.340199 0.865385 0.343040 0.826923 0.332386 0.808654
0 0.620739 0.168269 0.600852 0.220192 0.575284 0.241346 0.561790 0.244231
0 0.535511 0.599038 0.549006 0.563462 0.558239 0.518269 0.562500 0.514423 0.564631 0.521154 0.561790 0.540385 0.566761 0.554808 0.585938 0.534615 0.584517 0.498077 0.578835 0.488462 0.591619 0.465385
0 0.651989 0.747115 0.649858 0.755769 0.640625 0.764423 0.622159 0.764423 0.599432 0.775962 0.592330 0.760577 0.578125 0.758654 0.570312 0.773077 0.571023 0.779808 0.554688 0.784615
0 0.045455 0.700962 0.058239 0.699038 0.090909 0.712500 0.102983 0.707692 0.115767 0.671154 0.110085 0.623077 0.122159 0.614423 0.133523 0.627885 0.137074 0.615385 0.121449 0.544231
0 0.646307 0.820192 0.632102 0.837500 0.617898 0.841346 0.592330 0.858654 0.580256 0.875000 0.578835 0.886538 0.585938 0.911538 0.581676 0.925000 0.571733 0.934615
0 0.007812 0.998077 0.019176 0.957692 0.022017 0.919231 0.007812 0.901923 0.000000 0.862500
0 0.355114 0.352885 0.348011 0.374038 0.316761 0.385577 0.307528 0.413462 0.306108 0.436538 0.322443 0.445192 0.331676 0.469231 0.344460 0.482692 0.280540 0.517308
0 0.796875 0.241346 0.778409 0.275962 0.757102 0.281731 0.745739 0.272115 0.733665 0.284615 0.730824 0.305769 0.740767 0.321154 0.735085 0.359615
0 0.710938 0.361538 0.674716 0.341346 0.663352 0.345192 0.654830 0.356731 0.633523 0.347115 0.614347 0.311538 0.613636 0.283654
0 0.865767 0.103846 0.852273 0.087500 0.825284 0.070192 0.750000 0.060577
0 0.550426 0.903846 0.529830 0.897115 0.498580 0.874038 0.498580 0.864423 0.509233 0.869231 0.512074 0.851923 0.504261 0.831731 0.498580 0.839423 0.492898 0.839423 0.490057 0.827885
0 0.063210 0.894231 0.078125 0.906731 0.132102 0.918269 0.163352 0.912500 0.171875 0.899038 0.194602 0.918269
0 0.337358 0.863462 0.348011 0.870192 0.357244 0.882692 0.361506 0.900000 0.374290 0.913462 0.378551 0.936538 0.390625 0.970192
0 0.176847 0.430769 0.182528 0.434615 0.184659 0.445192 0.200284 0.456731 0.215909 0.454808 0.224432 0.441346 0.231534 0.439423 0.240767 0.473077 0.250000 0.487500
0 0.466619 0.082692 0.458807 0.070192 0.441761 0.060577 0.435369 0.051923 0.426847 0.030769 0.426847 0.019231 0.419034 0.006731 0.397727 0.002885
0 0.291903 0.576923 0.312500 0.587500 0.328835 0.611538 0.337358 0.640385 0.348011 0.649038 0.356534 0.649038 0.360795 0.660577
0 0.065341 0.270192 0.051847 0.313462 0.042614 0.329808 0.024148 0.339423 0.003551 0.342308
0 0.844460 0.725000 0.859375 0.747115 0.866477 0.739423 0.867898 0.749038 0.946023 0.797115 0.954545 0.797115 0.973011 0.774038 0.982244 0.782692 0.985795 0.800962
0 0.250710 0.513462 0.286932 0.520192 0.293324 0.563462 0.326705 0.577885 0.383523 0.587500 0.461648 0.579808
0 0.010653 0.432692 0.024148 0.445192 0.059659 0.433654 0.074574 0.469231 0.080966 0.477885
0 0.068182 0.535577 0.070312 0.513462 0.078835 0.498077 0.081676 0.480769 0.085938 0.473077 0.081676 0.457692 0.081676 0.450000 0.085938 0.448077
0 0.657670 0.624038 0.654119 0.628846 0.648438 0.648077 0.651278 0.657692 0.648438 0.682692 0.632102 0.697115 0.624290 0.700000
0 0.793324 0.378846 0.772727 0.366346 0.766335 0.353846 0.769176 0.326923 0.774858 0.309615 0.765625 0.279808
0 0.241477 0.043269 0.251420 0.052885 0.267756 0.057692 0.272017 0.076923 0.263494 0.090385 0.262074 0.103846 0.274858 0.128846 0.270597 0.140385 0.272017 0.165385 0.279830 0.168269 0.214489 0.087500 0.222301 0.065385
0 0.000000 0.368269 0.008523 0.368269 0.010653 0.365385 0.010653 0.361538 0.013494 0.353846 0.017045 0.349038 0.021307 0.347115 0.029119 0.336538
0 0.073153 0.546154 0.083807 0.554808 0.109375 0.550962 0.117898 0.556731 0.129972 0.578846 0.136364 0.610577
0 0.783381 0.803846 0.794744 0.826923 0.806108 0.869231 0.813920 0.889423
0 0.975852 0.704808 0.957386 0.704808 0.942472 0.723077 0.938210 0.736538 0.942472 0.757692 0.938920 0.762500 0.926136 0.749038 0.915483 0.776923
0 0.229403 0.430769 0.200284 0.427885 0.183239 0.410577 0.144886 0.399038
0 0.208097 0.776923 0.235795 0.797115 0.245739 0.812500 0.268466 0.812500 0.275568 0.818269
0 0.898438 0.767308 0.867898 0.749038 0.867188 0.734615 0.853693 0.720192 0.840909 0.720192 0.821733 0.738462 0.819602 0.754808 0.808239 0.752885 0.799716 0.743269
0 0.889915 0.000000 0.891335 0.084615 0.898438 0.126923 0.914062 0.163462 0.916903 0.203846 0.924716 0.212500 0.953125 0.204808 0.958807 0.216346
0 0.777699 0.940385 0.789773 0.956731 0.811080 0.958654 0.822443 0.950962 0.830256 0.957692 0.827415 0.965385 0.829545 0.974038 0.843750 0.985577 0.853693 0.977885 0.860795 0.979808 0.873580 0.997115
0 0.296165 0.013462 0.303977 0.029808 0.316761 0.020192 0.323153 0.026923 0.323153 0.038462 0.317472 0.051923 0.317472 0.065385 0.330966 0.081731
0 0.203125 0.358654 0.194602 0.364423 0.176136 0.358654 0.132102 0.360577 0.090199 0.396154
0 0.772727 0.804808 0.770597 0.809615 0.770597 0.828846 0.766335 0.859615 0.758523 0.864423 0.745739 0.856731 0.737216 0.868269 0.733665 0.869231
0 0.536932 0.662500 0.549716 0.635577 0.546875 0.656731 0.565341 0.660577 0.576705 0.654808 0.585938 0.638462 0.585938 0.628846 0.580966 0.624038 0.561790 0.623077 0.598722 0.601923
0 0.042614 0.572115 0.024858 0.611538 0.000710 0.644231
0 0.166903 0.951923 0.188920 0.962500 0.223011 0.962500 0.235795 0.952885 0.244318 0.952885 0.258523 0.960577 0.265625 0.975962
0 0.936080 0.091346 0.932528 0.107692 0.931108 0.155769 0.926136 0.154808 0.915483 0.165385
0 0.735795 0.795192 0.730114 0.804808 0.720881 0.809615 0.723011 0.820192 0.701705 0.829808 0.676136 0.818269 0.659091 0.822115 0.651278 0.832692 0.651278 0.844231 0.648438 0.846154
0 0.977983 0.234615 0.973722 0.228846 0.973722 0.221154 0.983665 0.194231 0.983665 0.176923 0.976562 0.153846 0.946023 0.118269
0 0.458097 0.200000 0.419744 0.098077 0.416903 0.082692 0.422585 0.071154 0.422585 0.050000 0.410511 0.008654
0 0.939631 0.090385 0.945312 0.096154 0.945312 0.123077 0.948153 0.134615 0.955966 0.141346 0.970170 0.145192 0.976562 0.153846 0.980114 0.168269
0 0.117188 0.405769 0.123580 0.406731 0.139915 0.425000 0.149858 0.451923 0.142045 0.456731 0.141335 0.461538 0.164773 0.524038
0 0.380682 0.079808 0.366477 0.087500 0.330966 0.125962 0.301136 0.147115 0.281960 0.167308
0 0.257812 0.432692 0.258523 0.429808 0.265625 0.435577 0.274148 0.435577 0.276989 0.433654 0.289773 0.412500 0.290483 0.413462 0.289062 0.419231 0.281960 0.432692 0.271307 0.443269 0.263494 0.444231
0 0.466619 0.165385 0.460227 0.160577 0.449574 0.142308 0.448153 0.119231 0.443892 0.103846 0.445312 0.078846 0.443182 0.074038
0 0.656250 0.864423 0.618608 0.882692 0.614347 0.896154 0.616477 0.912500 0.626420 0.912500 0.640625 0.900962 0.642756 0.905769 0.637784 0.924038 0.620028 0.925000 0.615767 0.948077 0.611506 0.951923
0 0.827415 0.826923 0.818892 0.817308 0.818892 0.792308 0.808239 0.774038 0.796875 0.770192 0.788352 0.775962 0.779830 0.775962 0.774148 0.772115 0.771307 0.764423
0 0.723011 0.858654 0.718750 0.866346 0.705966 0.870192 0.674716 0.856731 0.669744 0.865385 0.672585 0.873077 0.668324 0.876923
0 0.482955 0.108654 0.484375 0.104808 0.504261 0.104808 0.522017 0.098077 0.523438 0.084615 0.516335 0.059615 0.507812 0.053846 0.511364 0.045192 0.516335 0.044231
0 0.840909 0.177885 0.844460 0.163462 0.860085 0.126923 0.861506 0.115385 0.863636 0.112500 0.870739 0.112500 0.874290 0.109615
0 0.118608 0.230769 0.102273 0.208654 0.088068 0.216346 0.073864 0.216346 0.070312 0.205769 0.083097 0.188462 0.076705 0.170192 0.056818 0.162500
0 0.127131 0.215385 0.138494 0.226923 0.146307 0.243269 0.154830 0.249038 0.169034 0.249038 0.174006 0.253846 0.176136 0.262500
0 0.995028 0.715385 0.982244 0.700000 0.987926 0.684615 0.960227 0.664423 0.914773 0.654808
0 0.823153 0.900000 0.817472 0.896154 0.808949 0.876923 0.794744 0.826923 0.782670 0.800962
0 0.615057 0.895192 0.626420 0.883654 0.634943 0.883654 0.651989 0.872115 0.667614 0.877885 0.686080 0.864423 0.703125 0.875962 0.723722 0.865385 0.681818 0.893269 0.666903 0.917308
0 0.036932 0.091346 0.038352 0.087500 0.042614 0.087500 0.059659 0.097115 0.079545 0.097115 0.095881 0.069231
0 0.842330 0.214423 0.845170 0.204808 0.852273 0.204808 0.866477 0.191346 0.882812 0.171154 0.882812 0.163462 0.891335 0.157692
0 0.294034 0.008654 0.279830 0.024038 0.265625 0.016346 0.255682 0.022115 0.227273 0.060577 0.181108 0.088462
0 0.691051 0.951923 0.667614 0.916346 0.681818 0.893269 0.691761 0.885577 0.698864 0.891346 0.714489 0.889423 0.708097 0.907692 0.693892 0.934615
0 0.433949 0.523077 0.416193 0.506731 0.414773 0.516346 0.406250 0.497115 0.394176 0.490385 0.392756 0.480769 0.397017 0.465385 0.389205 0.420192
0 0.693182 0.937500 0.719460 0.882692 0.725852 0.874038 0.736506 0.869231
0 0.250000 0.006731 0.238636 0.025962 0.235795 0.027885 0.227273 0.027885 0.222301 0.032692 0.223722 0.046154 0.218040 0.053846
0 0.644176 0.919231 0.670455 0.937500 0.715909 0.987500 0.720881 0.976923 0.716619 0.950000 0.730114 0.949038 0.744318 0.995192
0 0.691761 0.637500 0.678267 0.650000 0.672585 0.680769 0.653409 0.704808 0.648438 0.705769
0 0.062500 0.352885 0.064631 0.344231 0.075994 0.325000 0.080256 0.311538 0.090199 0.300000
0 0.313210 0.913462 0.319602 0.914423 0.325994 0.923077 0.336648 0.991346
0 0.983665 0.134615 0.979403 0.130769 0.979403 0.121154 0.973722 0.103846 0.957386 0.077885
0 0.441051 0.159615 0.441761 0.160577 0.444602 0.160577 0.446733 0.163462 0.448153 0.169231 0.450994 0.173077 0.450994 0.175000 0.452415 0.176923 0.452415 0.184615 0.453125 0.185577
0 0.063210 0.371154 0.078835 0.409615 0.080256 0.453846 0.085227 0.468269
0 0.291193 0.406731 0.290483 0.407692 0.290483 0.411538 0.286222 0.417308 0.286222 0.419231 0.280540 0.426923 0.280540 0.428846 0.276989 0.433654 0.274858 0.434615
0 0.786222 0.148077 0.784091 0.147115 0.782670 0.145192 0.781250 0.145192 0.779830 0.143269 0.778409 0.143269 0.773438 0.136538 0.773438 0.134615 0.772017 0.132692 0.772017 0.126923 0.771307 0.125962
0 0.585227 0.639423 0.583097 0.644231 0.583097 0.646154 0.576705 0.654808 0.566051 0.659615
0 0.928267 0.155769 0.930398 0.156731 0.933949 0.161538 0.933949 0.165385 0.935369 0.167308 0.935369 0.173077 0.936790 0.175000 0.936790 0.188462 0.937500 0.189423
0 0.590199 0.759615 0.594460 0.763462 0.597301 0.775000 0.602273 0.777885 0.605114 0.781731 0.606534 0.781731 0.609375 0.787500
0 0.352273 0.010577 0.349432 0.018269 0.340909 0.018269 0.339489 0.016346 0.321023 0.018269 0.304688 0.028846
0 0.740767 0.951923 0.750710 0.959615 0.756392 0.978846 0.757812 0.990385 0.759943 0.995192
