0 0.714489 0.602885 0.712358 0.621154 0.703125 0.635577 0.693892 0.644231 0.686790 0.663462 0.675426 0.678846
0 0.773438 0.342308 0.774148 0.362500 0.772727 0.372115 0.767045 0.370192 0.765625 0.372115 0.751420 0.372115 0.750000 0.374038 0.732244 0.373077 0.735795 0.368269 0.761364 0.350962 0.768466 0.343269
0 0.664773 0.835577 0.652699 0.844231 0.639915 0.882692 0.642045 0.895192 0.658381 0.888462 0.648438 0.898077 0.646307 0.908654 0.632812 0.915385
0 0.639915 0.998077 0.622159 0.989423 0.615767 0.975000 0.613636 0.962500
0 0.098011 0.172115 0.091619 0.194231 0.093040 0.203846 0.091619 0.209615 0.085938 0.217308 0.084517 0.223077 0.076705 0.233654 0.071733 0.236538
0 0.089489 0.050962 0.096591 0.052885 0.100852 0.056731 0.109375 0.056731 0.122869 0.044231 0.128551 0.026923
0 0.463068 0.508654 0.465199 0.500000 0.473011 0.493269 0.475142 0.494231 0.477983 0.503846 0.481534 0.504808 0.490057 0.500962 0.495739 0.493269 0.509943 0.489423 0.517756 0.480769
0 0.697443 0.085577 0.698153 0.080769 0.703125 0.077885 0.707386 0.070192 0.709517 0.084615 0.714489 0.085577 0.739347 0.053846 0.742188 0.042308 0.746449 0.038462
0 0.424716 0.839423 0.419744 0.851923 0.400568 0.874038 0.389205 0.879808 0.376420 0.879808 0.370028 0.882692
0 0.771307 0.389423 0.774858 0.376923 0.773438 0.373077 0.774858 0.321154 0.778409 0.314423 0.781960 0.313462
0 0.187500 0.824038 0.177557 0.824038 0.159091 0.843269 0.127131 0.855769
0 0.904119 0.382692 0.897017 0.376923 0.889915 0.357692 0.881392 0.350000 0.876420 0.329808
0 0.958097 0.482692 0.963778 0.500000 0.962358 0.515385 0.969460 0.538462 0.974432 0.547115 0.986506 0.551923 0.986506 0.559615 0.980824 0.571154 0.987216 0.585577
0 0.546165 0.378846 0.551136 0.385577 0.568182 0.372115 0.582386 0.374038 0.586648 0.370192 0.589489 0.377885 0.600852 0.370192 0.610795 0.368269 0.616477 0.379808 0.551847 0.367308
0 0.694602 0.400962 0.713068 0.395192 0.721591 0.381731 0.731534 0.374038 0.766335 0.371154
0 0.204545 0.629808 0.210938 0.617308 0.212358 0.605769 0.205966 0.595192 0.200284 0.591346 0.196023 0.591346 0.185369 0.600000 0.183949 0.603846 0.183949 0.617308 0.188920 0.624038 0.197443 0.629808
0 0.280540 0.148077 0.285511 0.150962 0.291193 0.158654 0.299716 0.162500 0.304688 0.167308 0.307528 0.176923 0.307528 0.184615 0.311790 0.190385 0.312500 0.195192
0 0.499290 0.651923 0.516335 0.671154 0.517756 0.675000 0.518466 0.691346
0 0.410511 0.810577 0.415483 0.792308 0.421165 0.786538 0.421165 0.769231 0.422585 0.767308 0.421165 0.757692 0.427557 0.756731 0.434659 0.749038 0.441051 0.748077
0 0.524148 0.906731 0.524858 0.896154 0.531960 0.873077 0.536932 0.864423 0.546165 0.861538
0 0.654830 0.733654 0.659801 0.715385 0.666193 0.704808 0.677557 0.702885 0.689631 0.694231
0 0.770597 0.130769 0.774858 0.134615 0.779119 0.157692 0.793324 0.196154 0.798295 0.204808 0.806818 0.208654
0 0.467330 0.970192 0.469460 0.963462 0.476562 0.957692 0.480114 0.947115 0.508523 0.929808 0.521307 0.927885 0.524148 0.929808
0 0.774148 0.814423 0.778409 0.804808 0.789773 0.800962 0.801136 0.785577 0.808949 0.780769
0 0.959517 0.155769 0.965199 0.165385 0.968040 0.190385 0.973722 0.201923 0.977273 0.214423
0 0.123580 0.856731 0.159091 0.843269 0.171875 0.827885 0.176847 0.825000
0 0.650568 0.343269 0.645597 0.359615 0.637784 0.366346 0.629261 0.370192 0.605114 0.368269 0.590199 0.376923
0 0.404119 0.796154 0.401989 0.791346 0.396307 0.789423 0.383523 0.774038 0.379261 0.772115 0.370028 0.759615 0.367898 0.750962
0 0.457386 0.927885 0.458807 0.924038 0.473011 0.925962 0.484375 0.918269 0.521307 0.874038 0.534801 0.865385 0.524858 0.896154 0.522727 0.927885 0.508523 0.929808 0.475142 0.950000
0 0.698864 0.845192 0.703125 0.837500 0.708807 0.833654 0.721591 0.818269 0.739347 0.811538
0 0.697443 0.454808 0.715909 0.433654 0.728693 0.424038 0.736506 0.421154
0 0.466619 0.178846 0.469460 0.194231 0.477273 0.204808 0.482955 0.208654 0.491477 0.210577 0.504261 0.200962
0 0.254261 0.662500 0.249290 0.675000 0.242898 0.681731 0.234375 0.679808 0.232955 0.681731 0.198153 0.682692
0 0.727273 0.735577 0.729403 0.730769 0.729403 0.705769 0.730824 0.701923 0.740057 0.693269 0.750000 0.693269 0.754972 0.688462
0 0.970881 0.998077 0.970881 0.988462 0.973722 0.982692 0.973722 0.959615 0.972301 0.957692 0.973722 0.934615 0.968750 0.920192
0 0.972301 0.296154 0.970881 0.292308 0.972301 0.267308 0.970881 0.265385 0.969460 0.250000 0.967330 0.245192
0 0.640625 0.881731 0.641335 0.873077 0.649858 0.850000 0.654830 0.841346 0.662642 0.836538
0 0.485795 0.439423 0.486506 0.434615 0.494318 0.431731 0.512784 0.402885 0.517756 0.401923
0 0.551847 0.409615 0.556818 0.410577 0.558949 0.413462 0.558949 0.419231 0.571023 0.431731 0.583807 0.431731 0.586648 0.439423
0 0.207386 0.024038 0.191761 0.041346 0.183239 0.047115 0.179688 0.048077
0 0.550426 0.961538 0.556818 0.966346 0.565341 0.966346 0.570312 0.971154 0.570312 0.978846 0.571733 0.980769 0.571023 0.983654 0.562500 0.985577 0.555398 0.989423 0.553267 0.992308 0.553267 0.998077
0 0.251420 0.899038 0.256392 0.882692 0.262784 0.874038 0.268466 0.870192 0.277699 0.869231
0 0.742898 0.041346 0.739347 0.053846 0.721591 0.075962 0.720170 0.075962 0.715199 0.084615
0 0.323864 0.354808 0.325994 0.344231 0.333807 0.333654 0.338068 0.331731 0.340199 0.328846 0.342330 0.322115 0.345881 0.321154
0 0.275568 0.479808 0.282670 0.468269 0.286932 0.475962 0.294034 0.481731 0.298295 0.477885 0.301136 0.477885 0.306108 0.473077 0.311790 0.459615 0.311790 0.455769
0 0.053267 0.500000 0.051136 0.499038 0.044034 0.489423 0.042614 0.489423 0.039062 0.484615 0.039062 0.482692 0.033381 0.476923 0.031250 0.470192
0 0.616477 0.629808 0.607244 0.638462 0.605824 0.642308 0.605824 0.648077 0.604403 0.650000 0.602983 0.665385 0.600142 0.673077 0.597301 0.675000
0 0.294034 0.018269 0.304688 0.038462 0.292614 0.037500 0.286222 0.044231 0.282670 0.056731 0.274858 0.048077 0.269886 0.035577 0.290483 0.017308
0 0.501420 0.016346 0.495739 0.027885 0.488636 0.027885 0.480114 0.039423 0.478693 0.039423 0.475852 0.043269 0.472301 0.044231
0 0.490767 0.159615 0.492898 0.160577 0.500710 0.171154 0.502131 0.176923 0.506392 0.184615 0.507102 0.189423
0 0.617898 0.327885 0.600852 0.345192 0.595881 0.357692 0.589489 0.362500 0.585227 0.372115 0.568182 0.372115 0.551847 0.384615
0 0.970170 0.329808 0.973722 0.321154 0.973722 0.298077 0.982955 0.287500 0.996449 0.278846
0 0.380682 0.947115 0.372159 0.956731 0.367898 0.958654 0.362216 0.966346 0.360795 0.966346 0.358665 0.969231
0 0.227273 0.716346 0.222301 0.723077 0.222301 0.725000 0.217330 0.731731 0.215909 0.731731 0.213778 0.734615 0.213778 0.736538 0.211648 0.739423 0.208807 0.739423 0.208097 0.740385
0 0.126420 0.031731 0.125710 0.032692 0.125710 0.036538 0.124290 0.038462 0.122869 0.044231 0.120739 0.047115 0.116477 0.049038 0.112216 0.054808 0.110085 0.055769
0 0.852273 0.770192 0.851562 0.771154 0.851562 0.773077 0.848722 0.776923 0.848722 0.778846 0.847301 0.780769 0.847301 0.782692 0.843750 0.787500 0.842330 0.787500 0.840909 0.789423 0.839489 0.789423 0.838778 0.790385
0 0.845881 0.271154 0.848011 0.272115 0.850852 0.275962 0.855114 0.277885 0.858665 0.282692 0.858665 0.284615 0.861506 0.290385 0.861506 0.300000 0.862216 0.300962
0 0.976562 0.548077 0.974432 0.547115 0.969460 0.538462 0.969460 0.536538 0.966619 0.530769 0.966619 0.526923 0.963778 0.521154 0.963068 0.516346
0 0.146307 0.902885 0.145597 0.903846 0.145597 0.907692 0.134943 0.922115 0.128551 0.925000
0 0.382812 0.934615 0.377841 0.927885 0.367898 0.925962 0.366477 0.924038 0.352273 0.925962 0.350852 0.927885 0.345170 0.925962
0 0.371449 0.446154 0.379261 0.452885 0.385653 0.465385 0.379972 0.488462 0.382812 0.498077 0.392045 0.506731
0 0.323153 0.965385 0.332386 0.972115 0.349432 0.997115
0 0.769886 0.027885 0.768466 0.027885 0.767045 0.029808 0.764205 0.029808 0.755682 0.037500 0.747159 0.037500 0.746449 0.038462
0 0.416903 0.280769 0.420455 0.283654 0.421875 0.283654 0.423295 0.285577 0.424716 0.285577 0.426136 0.287500 0.427557 0.287500 0.428977 0.289423 0.430398 0.289423 0.437500 0.299038
0 0.289062 0.098077 0.288352 0.097115 0.285511 0.097115 0.284801 0.096154 0.284801 0.094231 0.283381 0.092308 0.283381 0.088462 0.282670 0.087500 0.281250 0.087500 0.279830 0.085577 0.278409 0.085577 0.276989 0.081731
0 0.987926 0.678846 0.986506 0.673077 0.986506 0.665385 0.987926 0.663462 0.987926 0.626923 0.986506 0.623077 0.981534 0.618269
0 0.753551 0.980769 0.778409 0.981731 0.779830 0.983654 0.782670 0.983654 0.785511 0.991346
0 0.311080 0.460577 0.310369 0.463462 0.307528 0.467308 0.306108 0.473077 0.303977 0.475962 0.302557 0.475962 0.301136 0.477885 0.298295 0.477885 0.296875 0.479808 0.294744 0.480769
0 0.410511 0.485577 0.409801 0.486538 0.409801 0.492308 0.408381 0.494231 0.406960 0.500000 0.404830 0.502885 0.403409 0.502885 0.400568 0.506731 0.397727 0.506731 0.397017 0.507692
0 0.795455 0.022115 0.794744 0.023077 0.794744 0.025000 0.793324 0.026923 0.793324 0.028846 0.791193 0.031731 0.789773 0.031731 0.789062 0.032692
0 0.711648 0.922115 0.712358 0.921154 0.712358 0.919231 0.716619 0.913462 0.716619 0.911538 0.718750 0.908654 0.720170 0.908654 0.720881 0.907692
0 0.200994 0.592308 0.201705 0.593269 0.203125 0.593269 0.204545 0.595192 0.205966 0.595192 0.210938 0.601923 0.210938 0.603846 0.211648 0.604808
0 0.940341 0.039423 0.939631 0.040385 0.939631 0.042308 0.938210 0.044231 0.938210 0.046154 0.935369 0.050000 0.935369 0.051923 0.928977 0.060577 0.927557 0.060577 0.926847 0.061538
0 0.958807 0.700962 0.958097 0.701923 0.958097 0.703846 0.956676 0.705769 0.956676 0.707692 0.953125 0.712500 0.950284 0.712500 0.949574 0.713462
0 0.037642 0.480769 0.039062 0.482692 0.039062 0.484615 0.042614 0.489423 0.044034 0.489423 0.049006 0.496154 0.049006 0.498077 0.049716 0.499038
0 0.284091 0.050962 0.284801 0.050000 0.284801 0.048077 0.286222 0.046154 0.286222 0.044231 0.289773 0.039423 0.291193 0.039423 0.291903 0.038462
0 0.774148 0.783654 0.776278 0.780769 0.776278 0.778846 0.780540 0.773077
0 0.984375 0.047115 0.987216 0.043269 0.990057 0.043269 0.991477 0.041346 0.994318 0.041346 0.995028 0.040385
0 0.553977 0.991346 0.555398 0.989423 0.556818 0.989423 0.558239 0.987500 0.561080 0.987500 0.562500 0.985577 0.566761 0.985577 0.567472 0.984615
