0 0.360085 0.342308 0.393466 0.350962 0.404119 0.367308 0.409091 0.383654
0 0.535511 0.379808 0.539062 0.365385 0.544034 0.354808 0.546875 0.354808 0.553977 0.360577 0.561080 0.360577 0.568892 0.351923 0.571733 0.342308
0 0.286222 0.682692 0.284801 0.655769 0.272727 0.645192 0.261364 0.645192 0.257102 0.649038 0.254972 0.646154 0.256392 0.626923 0.252841 0.620192
0 0.242188 0.107692 0.238636 0.104808 0.234375 0.106731 0.214489 0.099038 0.202415 0.080769 0.201705 0.074038
0 0.095881 0.357692 0.086648 0.352885 0.083097 0.348077 0.080256 0.338462 0.074574 0.332692 0.075994 0.319231 0.071023 0.304808
0 0.151278 0.628846 0.161932 0.631731 0.176136 0.641346 0.179688 0.646154 0.185369 0.665385 0.186080 0.681731
0 0.175426 0.778846 0.174006 0.775000 0.166193 0.766346 0.157670 0.766346 0.154830 0.764423 0.148438 0.755769 0.148438 0.751923 0.144886 0.745192
0 0.413352 0.981731 0.416903 0.971154 0.418324 0.953846 0.419744 0.950000 0.423295 0.945192 0.428977 0.941346 0.435369 0.940385
0 0.563920 0.547115 0.566051 0.540385 0.573153 0.530769 0.574574 0.523077 0.582386 0.518269 0.591619 0.507692
0 0.618608 0.846154 0.618608 0.832692 0.607955 0.814423 0.602273 0.810577 0.590909 0.810577 0.586648 0.814423
0 0.193182 0.352885 0.191051 0.361538 0.183239 0.374038 0.180398 0.375962 0.174716 0.375962 0.171875 0.379808 0.164062 0.380769
0 0.352273 0.860577 0.348011 0.860577 0.345170 0.858654 0.340909 0.862500 0.338068 0.862500 0.332386 0.866346 0.327415 0.873077 0.325284 0.879808 0.321733 0.880769
0 0.398438 0.896154 0.393466 0.895192 0.385653 0.886538 0.381392 0.875000 0.379972 0.865385 0.376420 0.856731
0 0.350852 0.587500 0.354403 0.580769 0.354403 0.578846 0.359375 0.572115 0.360795 0.572115 0.369318 0.558654 0.370739 0.558654 0.372869 0.555769
0 0.339489 0.274038 0.338778 0.278846 0.334517 0.286538 0.333097 0.294231 0.324574 0.303846 0.324574 0.311538 0.313210 0.315385
0 0.646307 0.975962 0.647017 0.973077 0.657670 0.958654 0.660511 0.956731 0.663352 0.956731 0.664773 0.954808 0.667614 0.954808 0.671165 0.951923
0 0.870028 0.680769 0.872869 0.684615 0.875710 0.694231 0.887074 0.711538 0.892045 0.727885
0 0.080966 0.035577 0.080256 0.036538 0.080256 0.038462 0.078835 0.040385 0.078835 0.042308 0.073864 0.049038 0.072443 0.049038 0.071023 0.050962 0.068182 0.050962 0.066761 0.052885 0.065341 0.052885 0.064631 0.053846
0 0.422585 0.046154 0.424716 0.047115 0.427557 0.050962 0.428977 0.050962 0.436790 0.061538 0.436790 0.063462 0.441051 0.071154 0.441761 0.075962
0 0.590909 0.310577 0.593040 0.301923 0.600852 0.291346 0.602273 0.291346 0.606534 0.285577 0.608665 0.284615
0 0.046875 0.824038 0.052557 0.816346 0.058239 0.812500 0.062500 0.812500 0.063920 0.810577 0.071023 0.810577 0.072443 0.808654 0.075994 0.807692
0 0.806818 0.043269 0.808949 0.036538 0.811080 0.033654 0.816761 0.033654 0.818182 0.031731 0.828125 0.031731 0.834517 0.026923
0 0.580966 0.847115 0.585938 0.836538 0.585938 0.834615 0.583097 0.828846 0.584517 0.819231 0.585938 0.817308 0.585938 0.815385 0.590199 0.811538
0 0.359375 0.939423 0.357244 0.948077 0.350852 0.956731 0.340199 0.961538
0 0.062500 0.727885 0.067472 0.721154 0.068892 0.717308 0.068892 0.713462 0.072443 0.708654 0.076705 0.708654 0.077415 0.705769 0.082386 0.699038 0.084517 0.698077
0 0.401989 0.406731 0.402699 0.403846 0.414773 0.387500 0.417614 0.385577 0.420455 0.385577 0.421875 0.383654 0.426847 0.382692
0 0.028409 0.704808 0.030540 0.698077 0.036932 0.689423 0.051847 0.680769
0 0.942472 0.223077 0.936790 0.217308 0.933949 0.201923 0.931818 0.200962 0.925426 0.192308 0.923295 0.185577
0 0.627841 0.337500 0.629972 0.332692 0.629972 0.330769 0.633523 0.325962 0.634943 0.325962 0.642045 0.316346 0.643466 0.316346 0.647017 0.313462
0 0.195312 0.853846 0.201705 0.862500 0.203125 0.862500 0.205966 0.866346 0.220170 0.874038
0 0.507102 0.699038 0.502131 0.703846 0.502131 0.705769 0.500710 0.707692 0.500710 0.711538 0.498580 0.714423 0.497159 0.714423 0.495739 0.716346 0.492898 0.716346 0.491477 0.718269 0.488636 0.718269 0.485085 0.721154
0 0.343040 0.201923 0.346591 0.206731 0.348011 0.206731 0.361506 0.226923 0.365767 0.236538 0.366477 0.241346
0 0.740057 0.499038 0.742188 0.490385 0.747869 0.482692 0.747869 0.480769 0.750710 0.476923 0.750710 0.475000 0.752131 0.473077
0 0.248580 0.668269 0.249290 0.667308 0.249290 0.665385 0.254972 0.657692 0.254972 0.655769 0.256392 0.653846 0.256392 0.651923 0.259943 0.647115 0.261364 0.647115 0.262074 0.646154
0 0.337358 0.551923 0.343040 0.557692 0.343040 0.561538 0.344460 0.563462 0.344460 0.578846 0.347301 0.584615 0.348011 0.589423
0 0.044034 0.779808 0.046165 0.775000 0.046165 0.773077 0.053977 0.762500 0.056818 0.762500 0.058239 0.760577 0.061080 0.760577 0.061790 0.759615
0 0.193182 0.291346 0.204545 0.287500 0.208807 0.281731 0.221591 0.281731 0.225142 0.278846
0 0.525568 0.714423 0.528409 0.708654 0.535511 0.704808 0.540483 0.698077 0.541903 0.690385 0.543324 0.688462 0.543324 0.684615 0.549006 0.678846
0 0.901278 0.319231 0.906250 0.324038 0.910511 0.325962 0.916903 0.334615 0.919744 0.342308 0.924716 0.345192 0.927557 0.350962
0 0.336648 0.152885 0.338068 0.150962 0.339489 0.150962 0.345881 0.142308 0.345881 0.140385 0.349432 0.135577 0.350852 0.135577 0.355114 0.131731 0.358665 0.130769
0 0.761364 0.974038 0.766335 0.965385 0.766335 0.963462 0.768466 0.960577 0.769886 0.960577 0.777699 0.950000 0.777699 0.948077 0.779830 0.945192 0.783381 0.944231
0 0.953835 0.965385 0.963068 0.968269 0.968040 0.973077 0.968040 0.975000 0.970881 0.978846 0.970881 0.982692 0.972301 0.984615 0.972301 0.990385 0.975852 0.997115
0 0.832386 0.808654 0.835227 0.804808 0.836648 0.804808 0.839489 0.810577 0.844460 0.794231 0.850852 0.785577 0.852983 0.784615
0 0.554688 0.313462 0.555398 0.314423 0.558239 0.314423 0.559659 0.316346 0.563920 0.316346 0.565341 0.318269 0.566761 0.318269 0.568182 0.320192 0.569602 0.320192 0.572443 0.324038
0 0.603693 0.914423 0.602983 0.915385 0.602983 0.917308 0.601562 0.919231 0.601562 0.921154 0.600142 0.923077 0.600142 0.925000 0.598011 0.927885 0.596591 0.927885 0.595170 0.929808 0.593750 0.929808 0.593040 0.930769
0 0.825284 0.216346 0.825994 0.213462 0.829545 0.208654 0.830966 0.208654 0.833807 0.204808 0.844460 0.200000
0 0.689631 0.032692 0.688920 0.031731 0.680398 0.031731 0.678977 0.029808 0.676136 0.029808 0.674716 0.027885 0.670455 0.025962 0.666903 0.021154 0.666193 0.018269
0 0.300426 0.957692 0.300426 0.955769 0.301847 0.953846 0.301847 0.940385 0.300426 0.938462 0.300426 0.936538 0.295455 0.929808 0.294034 0.929808 0.292614 0.927885 0.285511 0.927885
0 0.174716 0.791346 0.174006 0.792308 0.174006 0.798077 0.172585 0.800000 0.172585 0.801923 0.166903 0.809615
0 0.519886 0.037500 0.516335 0.042308 0.516335 0.044231 0.514915 0.046154 0.514915 0.048077 0.513494 0.050000 0.513494 0.051923 0.509233 0.057692
0 0.539773 0.612500 0.540483 0.609615 0.541903 0.607692 0.541903 0.605769 0.545455 0.600962 0.546875 0.600962 0.554688 0.590385
0 0.511364 0.056731 0.512074 0.055769 0.512074 0.053846 0.513494 0.051923 0.513494 0.050000 0.514915 0.048077 0.514915 0.046154 0.516335 0.044231 0.516335 0.042308 0.519886 0.037500 0.522727 0.037500 0.523438 0.036538
0 0.095170 0.589423 0.094460 0.590385 0.094460 0.592308 0.093750 0.593269 0.092330 0.593269 0.090909 0.595192 0.080966 0.595192 0.080256 0.596154
0 0.164773 0.389423 0.165483 0.388462 0.165483 0.386538 0.169034 0.381731 0.170455 0.381731 0.174006 0.376923
0 0.284801 0.963462 0.284091 0.962500 0.279830 0.962500 0.278409 0.960577 0.275568 0.960577 0.274858 0.959615 0.274858 0.944231 0.274148 0.943269
0 0.687500 0.689423 0.688210 0.688462 0.688210 0.686538 0.689631 0.684615 0.689631 0.682692 0.690341 0.681731 0.691761 0.681731 0.693182 0.679808 0.694602 0.679808 0.696023 0.677885 0.697443 0.677885 0.698153 0.676923
0 0.228693 0.972115 0.227983 0.973077 0.227983 0.975000 0.221591 0.983654 0.217330 0.983654 0.216619 0.984615
0 0.629972 0.292308 0.622159 0.283654 0.609375 0.283654 0.607955 0.285577 0.605114 0.285577 0.600852 0.291346 0.592330 0.281731
0 0.820312 0.273077 0.817472 0.271154 0.817472 0.269231 0.816051 0.267308 0.816051 0.265385 0.813920 0.262500 0.812500 0.262500 0.808949 0.257692 0.808949 0.255769 0.808239 0.254808
0 0.052557 0.675962 0.051847 0.678846 0.048295 0.683654 0.045455 0.683654 0.044034 0.685577 0.042614 0.685577 0.041193 0.687500 0.036932 0.689423 0.034801 0.692308
0 0.806108 0.253846 0.812500 0.262500 0.813920 0.262500 0.816051 0.265385 0.816051 0.267308 0.817472 0.269231 0.817472 0.271154 0.818182 0.272115
0 0.996449 0.819231 0.990767 0.815385 0.990767 0.813462 0.989347 0.811538 0.989347 0.809615 0.987926 0.807692 0.987926 0.805769 0.986506 0.803846 0.986506 0.801923 0.985085 0.800000 0.985085 0.798077 0.981534 0.789423
0 0.167614 0.991346 0.169744 0.988462 0.169744 0.986538 0.174716 0.979808 0.180398 0.979808 0.181108 0.978846
0 0.882812 0.776923 0.882102 0.775962 0.880682 0.775962 0.879261 0.774038 0.877841 0.774038 0.874290 0.769231 0.874290 0.767308 0.873580 0.766346
