0 0.251420 0.272115 0.261364 0.254808 0.287642 0.250000 0.284801 0.225000 0.293324 0.182692 0.335938 0.132692
0 0.718750 0.095192 0.710938 0.103846 0.709517 0.117308 0.703835 0.119231 0.698153 0.144231 0.691051 0.151923 0.693892 0.161538 0.685369 0.175000 0.682528 0.194231 0.625710 0.225000
0 0.343750 0.533654 0.328835 0.573077 0.291193 0.624038 0.271307 0.633654 0.237216 0.604808 0.232244 0.607692 0.244318 0.625962 0.225852 0.637500 0.208807 0.629808 0.206676 0.644231 0.191051 0.655769
0 0.191761 0.777885 0.183949 0.786538 0.175426 0.832692 0.178267 0.842308 0.175426 0.871154 0.129972 0.917308
0 0.189631 0.161538 0.199574 0.219231 0.218040 0.219231 0.215199 0.257692 0.209517 0.257692 0.208097 0.271154 0.183239 0.272115 0.169744 0.288462 0.176136 0.308654 0.190341 0.314423 0.202415 0.286538 0.214489 0.279808 0.205256 0.288462 0.195312 0.319231
0 0.009233 0.709615 0.031960 0.721154 0.034801 0.759615 0.056108 0.803846 0.054688 0.840385 0.059659 0.864423
0 0.083097 0.094231 0.075284 0.087500 0.069602 0.093269 0.063920 0.089423 0.051847 0.071154 0.046875 0.052885 0.041193 0.050962 0.026989 0.029808 0.002841 0.018269 0.000000 0.012500
0 0.243608 0.278846 0.250000 0.285577 0.267045 0.281731 0.271307 0.287500 0.293324 0.294231 0.297585 0.305769 0.286222 0.319231 0.280540 0.350000 0.289062 0.373077 0.302557 0.391346
0 0.311080 0.985577 0.321023 0.977885 0.333807 0.987500 0.350852 0.989423 0.365057 0.979808 0.374290 0.946154 0.388494 0.925000 0.394176 0.873077 0.403409 0.870192 0.411222 0.853846
0 0.247869 0.617308 0.258523 0.652885 0.260653 0.634615 0.264205 0.647115 0.269176 0.634615 0.285511 0.691346 0.332386 0.699038 0.343750 0.712500
0 0.176136 0.831731 0.183949 0.819231 0.183949 0.800000 0.203125 0.768269 0.232955 0.762500 0.261364 0.764423 0.273438 0.753846
0 0.580966 0.483654 0.581676 0.465385 0.586648 0.456731 0.603693 0.468269 0.620739 0.460577 0.642045 0.464423 0.671875 0.427885 0.685369 0.423077
0 0.994318 0.139423 0.976562 0.176923 0.948864 0.206731 0.877841 0.233654 0.854403 0.253846
0 0.837358 0.088462 0.856534 0.100962 0.938920 0.093269 0.952415 0.109615 0.954545 0.122115
0 0.259943 0.456731 0.228693 0.500962 0.186080 0.497115 0.172585 0.509615 0.174716 0.524038 0.144176 0.526923
0 0.418324 0.392308 0.438920 0.400962 0.448864 0.414423 0.457386 0.416346 0.468040 0.428846 0.465199 0.453846 0.473011 0.464423
0 0.271307 0.456731 0.274148 0.454808 0.280540 0.471154 0.294034 0.485577 0.318182 0.491346 0.334517 0.461538 0.338778 0.426923 0.350142 0.390385 0.354403 0.388462
0 0.833807 0.349038 0.854403 0.284615 0.854403 0.255769 0.862216 0.243269 0.939631 0.207692
0 0.512074 0.755769 0.426136 0.708654 0.400568 0.724038 0.388494 0.715385 0.386364 0.689423 0.375000 0.710577 0.377841 0.675962 0.359375 0.656731 0.346591 0.660577 0.322443 0.647115
0 0.895597 0.325000 0.898438 0.334615 0.914062 0.353846 0.964489 0.439423
0 0.134233 0.732692 0.122869 0.721154 0.144176 0.700000 0.142756 0.648077 0.132812 0.636538 0.138494 0.615385 0.120739 0.543269
0 0.572443 0.418269 0.573864 0.414423 0.583807 0.416346 0.591619 0.407692 0.591619 0.390385 0.602273 0.381731 0.622159 0.377885 0.646307 0.385577 0.648438 0.371154
0 0.578125 0.625962 0.600142 0.598077 0.600142 0.582692 0.604403 0.578846 0.598722 0.563462 0.602273 0.554808 0.634943 0.550962 0.657670 0.558654 0.665483 0.546154
0 0.468750 0.531731 0.457386 0.556731 0.419034 0.552885 0.383523 0.560577 0.352983 0.580769
0 0.078835 0.857692 0.080256 0.865385 0.089489 0.870192 0.095881 0.880769 0.095881 0.884615 0.084517 0.896154 0.085938 0.917308 0.093040 0.946154 0.112216 0.950962 0.116477 0.956731
0 0.531250 0.827885 0.533381 0.794231 0.552557 0.789423 0.558949 0.784615 0.561790 0.765385 0.554688 0.736538
0 0.721591 0.889423 0.718750 0.899038 0.709517 0.903846 0.718040 0.923077 0.717330 0.929808 0.697443 0.935577 0.690341 0.925962 0.683239 0.924038 0.672585 0.934615 0.665483 0.955769 0.658381 0.963462
0 0.789062 0.334615 0.774148 0.312500 0.759943 0.304808 0.742188 0.284615 0.740767 0.276923 0.723722 0.253846 0.713068 0.216346
0 0.997869 0.342308 0.990057 0.331731 0.975142 0.323077 0.966619 0.267308 0.951705 0.227885
0 0.774858 0.509615 0.757102 0.485577 0.734375 0.500962 0.727273 0.497115 0.713778 0.475000 0.705256 0.448077 0.705256 0.436538 0.693182 0.424038
0 0.136364 0.935577 0.142045 0.927885 0.160511 0.922115 0.165483 0.915385 0.165483 0.901923 0.155540 0.892308 0.159091 0.887500 0.171875 0.887500 0.206676 0.863462
0 0.779830 0.385577 0.784801 0.342308 0.796165 0.330769 0.804688 0.292308 0.817472 0.261538 0.834517 0.242308
0 0.727983 0.684615 0.714489 0.677885 0.705256 0.680769 0.705256 0.671154 0.698153 0.646154 0.694602 0.597115
0 0.764915 0.305769 0.780540 0.323077 0.784801 0.334615 0.779119 0.401923 0.786222 0.419231 0.784801 0.444231 0.789773 0.456731
0 0.522727 0.275962 0.505682 0.281731 0.495739 0.258654 0.466619 0.253846 0.463778 0.238462 0.469460 0.223077 0.460938 0.173077 0.445312 0.146154 0.447443 0.141346 0.468750 0.135577 0.500710 0.171154 0.507812 0.230769
0 0.693182 0.147115 0.699574 0.142308 0.704545 0.118269 0.718750 0.135577 0.730114 0.139423 0.740057 0.120192 0.757102 0.127885 0.781250 0.127885 0.803977 0.106731 0.828835 0.103846
0 0.801136 0.500962 0.808239 0.497115 0.832386 0.464423 0.845170 0.452885 0.857244 0.430769
0 0.762784 0.220192 0.796875 0.191346 0.811080 0.170192 0.840199 0.153846
0 0.297585 0.307692 0.305398 0.316346 0.329545 0.314423 0.349432 0.322115 0.406250 0.368269
0 0.149858 0.151923 0.142045 0.149038 0.120739 0.150962 0.109375 0.147115 0.095881 0.126923 0.094460 0.115385 0.088068 0.102885
0 0.159801 0.021154 0.170455 0.031731 0.190341 0.027885 0.204545 0.037500 0.232955 0.079808
0 0.094460 0.390385 0.125000 0.418269 0.138494 0.436538 0.139205 0.450962
0 0.899148 0.316346 0.839489 0.429808 0.830966 0.433654 0.815341 0.427885 0.803267 0.438462
0 0.510653 0.698077 0.501420 0.681731 0.491477 0.683654 0.493608 0.676923 0.484375 0.672115 0.450284 0.674038 0.438920 0.679808 0.433239 0.645192
0 0.284801 0.250000 0.276989 0.243269 0.272727 0.249038 0.264205 0.233654 0.245739 0.227885 0.228693 0.216346 0.218750 0.170192
0 0.496449 0.275000 0.509943 0.283654 0.525568 0.275962 0.527699 0.300000 0.536932 0.316346 0.563210 0.321154 0.560369 0.344231 0.568892 0.367308 0.560369 0.365385 0.557528 0.396154 0.571023 0.412500
0 0.944602 0.056731 0.941761 0.062500 0.928977 0.070192 0.894886 0.066346 0.886364 0.062500 0.875710 0.071154
0 0.812500 0.064423 0.818182 0.052885 0.830966 0.052885 0.856534 0.070192 0.930398 0.070192 0.950994 0.051923
0 0.187500 0.162500 0.153409 0.189423 0.154119 0.169231 0.143466 0.160577 0.134943 0.164423 0.127131 0.176923 0.127131 0.192308 0.148438 0.194231 0.126420 0.222115 0.077415 0.263462
0 0.711648 0.102885 0.738636 0.091346 0.745028 0.071154 0.736506 0.055769 0.752841 0.054808 0.756392 0.048077 0.756392 0.032692 0.767756 0.026923
0 0.588778 0.998077 0.556818 0.983654 0.548295 0.987500 0.542614 0.995192 0.526278 0.980769 0.531960 0.973077 0.531960 0.965385 0.524148 0.941346
0 0.553267 0.667308 0.526989 0.602885 0.514205 0.599038 0.511364 0.604808 0.502841 0.602885 0.484375 0.585577
0 0.504261 0.347115 0.502841 0.350962 0.498580 0.349038 0.484375 0.368269 0.457386 0.370192 0.430398 0.364423 0.420455 0.372115 0.409801 0.373077
0 0.587358 0.736538 0.568182 0.727885 0.558239 0.733654 0.552557 0.731731 0.550426 0.728846 0.544034 0.699038
0 0.073153 0.855769 0.068182 0.854808 0.057528 0.842308 0.063210 0.823077 0.057528 0.805769 0.043324 0.782692 0.035511 0.745192
0 0.661932 0.320192 0.666903 0.315385 0.674006 0.292308 0.680398 0.285577 0.698864 0.279808 0.704545 0.268269 0.718750 0.270192 0.725142 0.265385
0 0.237216 0.408654 0.251420 0.410577 0.257102 0.402885 0.275568 0.400962 0.298295 0.402885 0.305398 0.391346 0.318182 0.393269 0.337358 0.386538
0 0.904830 0.847115 0.919034 0.816346 0.924006 0.817308 0.931818 0.835577 0.943182 0.837500 0.949574 0.830769 0.950284 0.806731 0.980114 0.791346 0.987216 0.793269 0.997869 0.784615
0 0.465199 0.746154 0.482955 0.756731 0.498580 0.750962 0.559659 0.772115
0 0.694602 0.277885 0.677557 0.285577 0.669744 0.300000 0.666903 0.315385 0.661222 0.321154 0.648438 0.350000 0.648438 0.382692
0 0.647727 0.649038 0.652699 0.640385 0.655540 0.619231 0.671165 0.601923 0.678267 0.580769 0.683949 0.571154
0 0.370739 0.777885 0.390625 0.754808 0.394886 0.754808 0.399148 0.762500 0.403409 0.762500 0.418324 0.746154 0.414062 0.734615 0.414062 0.721154 0.425426 0.711538
0 0.308949 0.759615 0.323153 0.771154 0.330966 0.791346 0.349432 0.804808 0.379972 0.805769 0.378551 0.850000 0.392045 0.877885
0 0.952415 0.653846 0.950994 0.646154 0.972301 0.617308 0.960938 0.607692 0.966619 0.573077 0.977983 0.563462 0.980824 0.550000 0.973011 0.535577 0.943182 0.512500 0.903409 0.504808
0 0.441761 0.995192 0.450994 0.973077 0.452415 0.955769 0.458807 0.945192 0.478693 0.947115 0.496449 0.923077
0 0.480114 0.585577 0.465909 0.595192 0.450284 0.591346 0.416193 0.595192 0.406250 0.608654 0.394886 0.600962 0.384943 0.600962 0.364347 0.617308
0 0.303977 0.000962 0.296875 0.010577 0.284091 0.018269 0.265625 0.020192 0.257102 0.025962 0.237926 0.071154 0.233665 0.075000
0 0.700284 0.712500 0.698153 0.717308 0.695312 0.778846 0.685369 0.798077
0 0.131392 0.323077 0.149148 0.335577 0.162642 0.355769 0.164062 0.361538 0.161222 0.367308 0.161222 0.388462 0.167614 0.404808
0 0.575284 0.152885 0.572443 0.160577 0.546875 0.158654 0.536222 0.144231 0.534091 0.127885 0.507102 0.122115 0.447443 0.141346 0.397017 0.176923
0 0.814631 0.846154 0.808239 0.835577 0.789773 0.837500 0.781960 0.821154 0.777699 0.817308 0.777699 0.803846 0.759943 0.789423
0 0.901989 0.295192 0.911222 0.282692 0.918324 0.263462 0.933239 0.254808 0.949574 0.230769
0 0.997869 0.059615 0.965909 0.039423 0.933239 0.047115 0.900568 0.000962
0 0.725142 0.055769 0.711648 0.047115 0.703835 0.026923 0.693182 0.014423
0 0.519176 0.426923 0.507102 0.416346 0.500000 0.404808 0.484375 0.404808 0.473011 0.418269 0.460227 0.420192 0.456676 0.415385 0.456676 0.407692 0.448864 0.400962
0 0.016335 0.313462 0.025568 0.316346 0.030540 0.321154 0.033381 0.326923 0.033381 0.332692 0.030540 0.338462 0.030540 0.344231 0.034801 0.350000 0.033381 0.359615 0.051136 0.374038
0 0.656250 0.000962 0.636364 0.024038 0.589489 0.024038 0.541903 0.057692
0 0.192472 0.326923 0.198153 0.336538 0.198153 0.350000 0.206676 0.373077 0.234375 0.402885 0.237216 0.412500
0 0.619318 0.256731 0.622159 0.252885 0.629261 0.258654 0.632812 0.248077 0.634233 0.238462 0.628551 0.234615 0.628551 0.225000 0.654119 0.207692
0 0.940341 0.089423 0.961648 0.081731 0.974432 0.081731 0.985795 0.074038 0.994318 0.074038 0.992898 0.060577 0.998580 0.072115
0 0.216619 0.119231 0.220881 0.128846 0.216619 0.146154 0.216619 0.165385 0.223722 0.184615 0.225852 0.200962
0 0.317472 0.150000 0.318892 0.119231 0.314631 0.105769 0.306818 0.099038 0.298295 0.099038 0.292614 0.104808 0.287642 0.100000 0.284801 0.088462 0.275568 0.083654 0.274148 0.079808
0 0.419744 0.798077 0.424716 0.806731 0.443182 0.820192 0.464489 0.825962 0.468040 0.832692 0.468750 0.841346
0 0.215199 0.413462 0.231534 0.420192 0.244318 0.420192 0.252841 0.447115
0 0.950284 0.979808 0.955966 0.972115 0.970170 0.964423 0.976562 0.946154 0.996449 0.923077
0 0.031960 0.567308 0.037642 0.575000 0.042614 0.587500 0.051136 0.595192 0.056818 0.597115 0.059659 0.602885 0.072443 0.608654 0.073864 0.614423
0 0.713068 0.524038 0.702415 0.534615 0.703835 0.544231 0.699574 0.557692 0.686790 0.571154
0 0.408381 0.040385 0.375000 0.012500 0.363636 0.016346 0.356534 0.008654 0.349432 0.008654 0.346591 0.002885 0.342330 0.000962
0 0.465199 0.944231 0.465199 0.938462 0.454545 0.914423 0.444602 0.906731 0.433239 0.906731 0.424716 0.897115
0 0.002131 0.401923 0.039773 0.449038 0.061080 0.454808 0.068892 0.465385 0.072443 0.481731
0 0.334517 0.065385 0.330966 0.062500 0.318182 0.062500 0.310369 0.055769 0.313210 0.046154 0.313210 0.030769 0.299716 0.008654
0 0.786222 0.048077 0.779119 0.040385 0.777699 0.034615 0.772727 0.027885 0.762074 0.019231 0.758523 0.008654
0 0.514205 0.424038 0.511364 0.425962 0.508523 0.425962 0.506392 0.428846 0.503551 0.438462 0.498580 0.445192 0.490767 0.450000
0 0.604403 0.673077 0.629261 0.689423 0.642045 0.689423 0.654830 0.697115 0.659091 0.714423
0 0.963778 0.315385 0.965909 0.316346 0.968750 0.320192 0.970170 0.320192 0.973011 0.324038 0.974432 0.324038 0.979403 0.330769 0.979403 0.334615 0.980114 0.335577
0 0.170455 0.287500 0.171165 0.282692 0.174716 0.277885 0.183239 0.272115 0.186080 0.272115 0.190341 0.275962 0.201705 0.275962 0.207386 0.272115 0.209517 0.267308 0.209517 0.257692
0 0.439631 0.401923 0.428977 0.399038 0.420455 0.391346 0.409091 0.391346 0.401989 0.377885
0 0.169744 0.030769 0.166193 0.025962 0.164773 0.025962 0.161932 0.022115 0.157670 0.020192 0.152699 0.013462 0.151989 0.010577
0 0.239347 0.284615 0.246449 0.294231 0.246449 0.296154 0.249290 0.301923 0.249290 0.305769 0.253551 0.311538 0.255682 0.318269
0 0.620739 0.774038 0.643466 0.772115 0.645597 0.769231 0.645597 0.757692 0.638494 0.732692 0.655540 0.725000
0 0.507812 0.340385 0.509943 0.341346 0.524858 0.359615 0.526278 0.365385 0.530540 0.369231 0.532670 0.375962
0 0.870739 0.000962 0.866477 0.006731 0.865057 0.006731 0.853693 0.024038 0.846591 0.027885 0.843040 0.032692
0 0.756392 0.728846 0.758523 0.729808 0.761364 0.733654 0.762784 0.733654 0.767045 0.739423 0.771307 0.741346 0.777699 0.750000 0.778409 0.752885
0 0.002131 0.228846 0.012074 0.242308 0.012074 0.248077 0.013494 0.250000 0.013494 0.267308 0.014915 0.269231 0.015625 0.275962
0 0.727273 0.749038 0.732244 0.744231 0.732244 0.742308 0.730824 0.740385 0.730824 0.728846 0.732244 0.726923 0.732244 0.713462
0 0.933949 0.836538 0.933239 0.835577 0.931818 0.835577 0.925426 0.826923 0.925426 0.825000 0.924716 0.824038
0 0.592330 0.997115 0.609375 0.974038 0.613636 0.974038 0.614347 0.973077
0 0.311790 0.530769 0.313920 0.531731 0.315341 0.533654 0.316761 0.533654 0.320312 0.538462 0.321023 0.541346 0.322443 0.541346 0.326705 0.545192 0.329545 0.545192 0.330966 0.547115
0 0.127841 0.175962 0.128551 0.175000 0.128551 0.173077 0.134943 0.164423 0.136364 0.164423 0.138494 0.161538
0 0.093040 0.146154 0.089489 0.145192 0.087358 0.140385 0.080966 0.133654 0.066761 0.124038 0.058239 0.108654
0 0.955256 0.775000 0.955966 0.775962 0.957386 0.775962 0.960938 0.780769 0.960938 0.782692 0.962358 0.784615 0.962358 0.792308 0.963068 0.793269
0 0.526278 0.984615 0.541193 0.995192 0.542614 0.995192 0.548295 0.987500 0.553267 0.984615
0 0.176136 0.508654 0.183239 0.499038 0.184659 0.499038 0.185369 0.498077
0 0.451705 0.220192 0.446023 0.227885 0.443182 0.227885 0.442472 0.228846
0 0.627131 0.257692 0.626420 0.256731 0.625000 0.256731 0.619318 0.249038 0.617898 0.249038 0.615767 0.246154 0.615767 0.244231 0.615057 0.243269
