0 0.975142 0.371154 0.970170 0.368269 0.961648 0.356731 0.955966 0.354808 0.953835 0.348077 0.945312 0.340385 0.943182 0.325962
0 0.779119 0.623077 0.785511 0.643269 0.801136 0.643269 0.809659 0.649038 0.811790 0.646154 0.811790 0.640385 0.816761 0.637500 0.823864 0.649038
0 0.459517 0.011538 0.460938 0.026923 0.473011 0.035577 0.485795 0.031731 0.490767 0.023077 0.490767 0.015385 0.494318 0.012500 0.503551 0.034615 0.505682 0.047115
0 0.014915 0.311538 0.022727 0.320192 0.028409 0.322115 0.030540 0.326923 0.030540 0.332692 0.040483 0.342308 0.039062 0.363462 0.041193 0.366346
0 0.343750 0.464423 0.345170 0.462500 0.352273 0.460577 0.356534 0.456731 0.362216 0.456731 0.365057 0.454808 0.371449 0.446154
0 0.921875 0.681731 0.924006 0.676923 0.924006 0.657692 0.929688 0.644231 0.938920 0.633654 0.951705 0.639423 0.956676 0.632692
0 0.041903 0.550000 0.033381 0.540385 0.046165 0.540385 0.049006 0.534615 0.050426 0.513462 0.043324 0.503846 0.041193 0.497115 0.048295 0.500962 0.054688 0.509615 0.058949 0.523077 0.059659 0.535577
0 0.826705 0.874038 0.827415 0.869231 0.830966 0.862500 0.836648 0.862500 0.845170 0.856731 0.855824 0.853846
0 0.580256 0.663462 0.583807 0.668269 0.588068 0.670192 0.592330 0.675962 0.593750 0.675962 0.600142 0.684615 0.603693 0.699038
0 0.556108 0.957692 0.532670 0.954808 0.529119 0.946154 0.529119 0.936538 0.523438 0.923077 0.518466 0.916346
0 0.806818 0.312500 0.806108 0.319231 0.800426 0.334615 0.791193 0.347115 0.780540 0.355769
0 0.929688 0.071154 0.936080 0.075962 0.940341 0.083654 0.954545 0.091346 0.964489 0.104808 0.970170 0.106731 0.975142 0.113462 0.978693 0.124038
0 0.599432 0.814423 0.602983 0.807692 0.602983 0.805769 0.605824 0.801923 0.607244 0.796154 0.610795 0.791346 0.612216 0.791346 0.617898 0.781731 0.620028 0.780769
0 0.161932 0.149038 0.165483 0.142308 0.165483 0.123077 0.164062 0.121154 0.165483 0.107692 0.170455 0.097115 0.176847 0.094231
0 0.230114 0.449038 0.227983 0.453846 0.227983 0.461538 0.225142 0.467308 0.223722 0.475000 0.220881 0.478846 0.219460 0.484615 0.213778 0.490385
0 0.577415 0.805769 0.584517 0.819231 0.602983 0.840385 0.607244 0.855769 0.612216 0.856731 0.615767 0.861538 0.615767 0.867308 0.622159 0.872115
0 0.183949 0.076923 0.211648 0.081731 0.219460 0.094231 0.227273 0.124038
0 0.151989 0.720192 0.152699 0.717308 0.160511 0.706731 0.163352 0.704808 0.166193 0.704808 0.167614 0.702885 0.177557 0.702885 0.181108 0.700000
0 0.386364 0.070192 0.391335 0.059615 0.394176 0.046154 0.401278 0.036538 0.409801 0.017308 0.419034 0.008654 0.422585 0.001923
0 0.654119 0.955769 0.656250 0.958654 0.659091 0.958654 0.671875 0.968269 0.674716 0.968269 0.682528 0.976923 0.683239 0.981731
0 0.963068 0.083654 0.963778 0.082692 0.963778 0.080769 0.968040 0.075000 0.968040 0.073077 0.970881 0.069231 0.970881 0.067308 0.973011 0.064423 0.974432 0.064423 0.975142 0.063462
0 0.657670 0.941346 0.656960 0.946154 0.653409 0.949038 0.639205 0.949038 0.634943 0.941346 0.619318 0.941346 0.611506 0.950000
0 0.619318 0.647115 0.623580 0.637500 0.649148 0.639423 0.650568 0.637500 0.661932 0.637500 0.664062 0.634615
0 0.588068 0.627885 0.590199 0.625000 0.590199 0.623077 0.595881 0.617308 0.595881 0.615385 0.604403 0.601923 0.604403 0.598077 0.605824 0.594231
0 0.002131 0.094231 0.010653 0.103846 0.010653 0.111538 0.017756 0.138462 0.018466 0.149038
0 0.313210 0.563462 0.301136 0.554808 0.289773 0.539423 0.285511 0.539423 0.283381 0.536538 0.282670 0.531731
0 0.170455 0.068269 0.169744 0.078846 0.166903 0.086538 0.166903 0.096154 0.162642 0.101923 0.162642 0.103846 0.158381 0.107692
0 0.559659 0.895192 0.560369 0.892308 0.563210 0.888462 0.563210 0.886538 0.568182 0.879808 0.576705 0.874038 0.585938 0.873077
0 0.699574 0.125000 0.691761 0.124038 0.690341 0.122115 0.678977 0.122115 0.676136 0.124038 0.671165 0.119231 0.670455 0.104808
0 0.757812 0.253846 0.757102 0.252885 0.751420 0.252885 0.750000 0.250962 0.748580 0.250962 0.741477 0.241346
0 0.555398 0.933654 0.556108 0.928846 0.565341 0.920192 0.569602 0.920192 0.582386 0.914423 0.598722 0.913462
0 0.938920 0.456731 0.953835 0.453846 0.958097 0.444231 0.958097 0.432692 0.953835 0.423077 0.953835 0.419231 0.962358 0.409615 0.937500 0.454808
0 0.865057 0.675962 0.865767 0.675000 0.865767 0.671154 0.867188 0.669231 0.867188 0.667308 0.869318 0.664423 0.870739 0.664423 0.872159 0.662500 0.876420 0.662500 0.879972 0.657692
0 0.505682 0.439423 0.506392 0.438462 0.506392 0.428846 0.509233 0.423077 0.509233 0.415385 0.512074 0.411538 0.512074 0.409615 0.513494 0.407692
0 0.036222 0.540385 0.032670 0.537500 0.026989 0.537500 0.025568 0.535577 0.024148 0.535577 0.014915 0.521154 0.014205 0.518269
0 0.580256 0.419231 0.578835 0.417308 0.578835 0.415385 0.577415 0.413462 0.577415 0.411538 0.571023 0.402885 0.569602 0.402885 0.565341 0.399038
0 0.394176 0.932692 0.397727 0.935577 0.399148 0.935577 0.400568 0.937500 0.401989 0.937500 0.403409 0.939423 0.404830 0.939423 0.408381 0.944231 0.408381 0.946154 0.411222 0.950000 0.411932 0.952885
0 0.565341 0.389423 0.564631 0.396154 0.559659 0.397115 0.557528 0.400000 0.551847 0.419231 0.553267 0.430769 0.561790 0.440385 0.548295 0.441346 0.546165 0.444231
0 0.754972 0.723077 0.757102 0.725962 0.759943 0.725962 0.761364 0.727885 0.762784 0.727885 0.767045 0.739423
0 0.024148 0.062500 0.024858 0.061538 0.024858 0.059615 0.026278 0.057692 0.026278 0.053846 0.027699 0.051923 0.027699 0.050000 0.028409 0.049038 0.029830 0.049038 0.034091 0.043269 0.035511 0.043269 0.036222 0.042308
0 0.207386 0.183654 0.209517 0.178846 0.209517 0.175000 0.213068 0.170192 0.214489 0.170192 0.218750 0.164423 0.225142 0.161538
0 0.159801 0.611538 0.160511 0.612500 0.164773 0.612500 0.166193 0.614423 0.167614 0.614423 0.175426 0.625000 0.175426 0.626923 0.176847 0.628846 0.176847 0.630769 0.178977 0.635577
0 0.702415 0.061538 0.690341 0.060577 0.688920 0.058654 0.681818 0.056731 0.676136 0.052885 0.673295 0.049038 0.669034 0.047115
0 0.339489 0.497115 0.338778 0.501923 0.337358 0.503846 0.337358 0.513462 0.334517 0.515385 0.334517 0.528846 0.331676 0.536538 0.328835 0.538462
0 0.337358 0.678846 0.340909 0.681731 0.343750 0.681731 0.347301 0.686538 0.347301 0.688462 0.350142 0.692308 0.350142 0.694231 0.351562 0.696154 0.351562 0.701923 0.352273 0.702885
0 0.015625 0.308654 0.016335 0.307692 0.016335 0.300000 0.017756 0.298077 0.017756 0.294231 0.019176 0.292308 0.020597 0.286538 0.025568 0.279808 0.027699 0.278846
0 0.001420 0.995192 0.002131 0.973077 0.005682 0.968269 0.015625 0.970192 0.021307 0.966346 0.025568 0.966346 0.027699 0.963462
0 0.998580 0.220192 0.997869 0.225000 0.996449 0.226923 0.996449 0.234615 0.990767 0.250000 0.990767 0.261538 0.987926 0.265385
0 0.055398 0.604808 0.056108 0.603846 0.056108 0.600000 0.057528 0.598077 0.057528 0.594231 0.062500 0.587500 0.063920 0.587500 0.065341 0.585577 0.068182 0.585577 0.068892 0.584615
0 0.178977 0.166346 0.179688 0.165385 0.179688 0.151923 0.181108 0.150000 0.181108 0.148077 0.181818 0.147115 0.184659 0.147115 0.188920 0.143269 0.194602 0.143269 0.195312 0.142308
0 0.880682 0.081731 0.884943 0.075962 0.889205 0.074038 0.892045 0.070192 0.893466 0.070192 0.894886 0.068269 0.896307 0.068269 0.897727 0.066346 0.899858 0.065385
0 0.001420 0.279808 0.002131 0.278846 0.002131 0.271154 0.003551 0.269231 0.003551 0.267308 0.007812 0.261538 0.007812 0.259615 0.014205 0.252885 0.019176 0.250000
0 0.114347 0.398077 0.118608 0.401923 0.118608 0.403846 0.124290 0.413462 0.124290 0.417308 0.125710 0.419231 0.125710 0.432692 0.127841 0.437500
0 0.367898 0.033654 0.367188 0.034615 0.367188 0.036538 0.360795 0.045192 0.357955 0.045192 0.356534 0.047115 0.353693 0.047115 0.352983 0.048077
0 0.327415 0.813462 0.326705 0.812500 0.323864 0.812500 0.322443 0.810577 0.321023 0.810577 0.314631 0.801923 0.314631 0.796154 0.313920 0.795192
0 0.642045 0.687500 0.642756 0.686538 0.642756 0.680769 0.650568 0.670192 0.651989 0.670192 0.653409 0.668269 0.654830 0.668269 0.655540 0.667308
0 0.340199 0.513462 0.346591 0.516346 0.347301 0.519231 0.353693 0.525962 0.359375 0.525962 0.365057 0.529808 0.365767 0.532692 0.369318 0.535577 0.372159 0.541346
0 0.864347 0.613462 0.867898 0.614423 0.869318 0.616346 0.876420 0.616346 0.877841 0.618269 0.880682 0.618269 0.882102 0.620192 0.889205 0.620192 0.890625 0.624038
0 0.334517 0.332692 0.335227 0.333654 0.336648 0.333654 0.338068 0.335577 0.339489 0.335577 0.344460 0.342308 0.344460 0.346154 0.345170 0.347115
0 0.784801 0.726923 0.785511 0.727885 0.786932 0.727885 0.788352 0.729808 0.789773 0.729808 0.791193 0.731731 0.794034 0.731731 0.795455 0.733654 0.796875 0.733654 0.797585 0.734615 0.797585 0.746154 0.798295 0.747115
0 0.142756 0.411538 0.129261 0.389423 0.109375 0.368269
0 0.769176 0.686538 0.769886 0.687500 0.771307 0.687500 0.774148 0.691346 0.775568 0.691346 0.779119 0.696154 0.779119 0.698077 0.780540 0.700000 0.780540 0.705769 0.781250 0.706731
0 0.906250 0.449038 0.906960 0.448077 0.906960 0.436538 0.908381 0.434615 0.909801 0.428846 0.914773 0.422115 0.920455 0.422115 0.921165 0.421154
0 0.541193 0.843269 0.549716 0.831731 0.556818 0.829808 0.561080 0.825962 0.568182 0.825962 0.568892 0.825000
0 0.083807 0.410577 0.085938 0.400000 0.094460 0.376923 0.097301 0.373077 0.097301 0.371154 0.101562 0.367308
0 0.053267 0.546154 0.053977 0.547115 0.055398 0.547115 0.056818 0.549038 0.058239 0.549038 0.062500 0.554808 0.063920 0.554808 0.066051 0.557692 0.066051 0.563462 0.066761 0.564423
0 0.881392 0.619231 0.880682 0.618269 0.877841 0.618269 0.876420 0.616346 0.869318 0.616346 0.867898 0.614423 0.865057 0.614423 0.862926 0.611538 0.862926 0.609615 0.862216 0.608654
0 0.598011 0.262500 0.598722 0.261538 0.598722 0.257692 0.602273 0.252885 0.603693 0.252885 0.605114 0.250962 0.606534 0.250962 0.607955 0.249038 0.609375 0.249038 0.610085 0.248077
0 0.701705 0.766346 0.703835 0.761538 0.703835 0.759615 0.709517 0.750000 0.709517 0.748077 0.711648 0.745192 0.713068 0.745192 0.715909 0.741346 0.718040 0.740385
0 0.631392 0.984615 0.627841 0.977885 0.626420 0.977885 0.622159 0.974038 0.612216 0.974038 0.610795 0.970192
0 0.252841 0.545192 0.253551 0.544231 0.253551 0.540385 0.257102 0.535577 0.272727 0.535577 0.274858 0.532692
0 0.212358 0.638462 0.213778 0.644231 0.215909 0.647115 0.223011 0.649038 0.225142 0.651923 0.225142 0.653846 0.230824 0.659615 0.230824 0.663462 0.234375 0.670192
0 0.260653 0.138462 0.263494 0.142308 0.263494 0.144231 0.264205 0.145192 0.265625 0.145192 0.267756 0.148077 0.267756 0.150000 0.269176 0.151923 0.269176 0.157692 0.269886 0.158654
0 0.210938 0.169231 0.209517 0.167308 0.209517 0.161538 0.208097 0.159615 0.208097 0.157692 0.201705 0.149038 0.200284 0.149038 0.197443 0.145192
0 0.686080 0.668269 0.696023 0.654808 0.697443 0.654808 0.698864 0.652885 0.700284 0.652885 0.700994 0.651923
0 0.340199 0.538462 0.348722 0.548077 0.348722 0.550000 0.352983 0.555769 0.352983 0.557692 0.355824 0.561538 0.356534 0.564423
0 0.247869 0.507692 0.255682 0.510577 0.256392 0.513462 0.267045 0.525962 0.269886 0.527885 0.272727 0.525962 0.274148 0.527885
0 0.521307 0.708654 0.522017 0.707692 0.522017 0.705769 0.524148 0.702885 0.525568 0.702885 0.529830 0.699038 0.539773 0.699038 0.540483 0.698077
0 0.564631 0.398077 0.566761 0.400962 0.568182 0.400962 0.569602 0.402885 0.571023 0.402885 0.577415 0.411538 0.577415 0.413462 0.578835 0.415385 0.578835 0.417308 0.579545 0.418269
0 0.879261 0.977885 0.880682 0.977885 0.883523 0.974038 0.884943 0.974038 0.885653 0.973077 0.885653 0.971154 0.888494 0.967308 0.888494 0.965385 0.890625 0.962500 0.893466 0.962500 0.894176 0.961538
0 0.472301 0.034615 0.460938 0.026923 0.460938 0.013462 0.460227 0.012500
0 0.225142 0.440385 0.224432 0.439423 0.223011 0.439423 0.221591 0.437500 0.220170 0.437500 0.218040 0.434615 0.218040 0.432692 0.214489 0.427885
0 0.938210 0.455769 0.935369 0.453846 0.935369 0.432692 0.933949 0.430769 0.933949 0.428846 0.931818 0.425962 0.930398 0.425962
0 0.160511 0.689423 0.153409 0.699038 0.151989 0.699038 0.150568 0.700962 0.149148 0.700962 0.148438 0.701923
0 0.247869 0.596154 0.246449 0.594231 0.246449 0.590385 0.247869 0.588462 0.247869 0.582692 0.246449 0.580769 0.246449 0.578846 0.245028 0.576923 0.243608 0.571154 0.241477 0.568269
0 0.652699 0.609615 0.653409 0.610577 0.654830 0.610577 0.656960 0.613462 0.656960 0.615385 0.658381 0.617308 0.658381 0.619231 0.659801 0.621154 0.659801 0.623077 0.661222 0.625000 0.661222 0.626923 0.661932 0.627885
0 0.200994 0.653846 0.200994 0.650000 0.198864 0.647115 0.197443 0.647115 0.196023 0.643269 0.183239 0.643269 0.181818 0.641346
0 0.169034 0.606731 0.167614 0.614423 0.164773 0.612500 0.160511 0.612500 0.159091 0.610577 0.154830 0.610577 0.153409 0.612500 0.150568 0.612500 0.141335 0.619231
0 0.350852 0.306731 0.350142 0.307692 0.350142 0.313462 0.348011 0.316346 0.345170 0.316346 0.343750 0.318269 0.339489 0.320192 0.335938 0.325000 0.335938 0.326923 0.334517 0.328846
0 0.198864 0.699038 0.200284 0.699038 0.201705 0.697115 0.203125 0.697115 0.210227 0.687500 0.213068 0.687500 0.213778 0.686538 0.213778 0.684615
0 0.272017 0.488462 0.267756 0.482692 0.267756 0.480769 0.266335 0.478846 0.266335 0.476923 0.263494 0.473077 0.263494 0.471154 0.261364 0.468269 0.258523 0.468269
0 0.161222 0.682692 0.159801 0.680769 0.158381 0.671154 0.154830 0.666346 0.137784 0.666346
0 0.131392 0.392308 0.132812 0.398077 0.134943 0.399038 0.142756 0.409615 0.142756 0.411538 0.144886 0.412500 0.147017 0.415385 0.147727 0.418269
0 0.592330 0.997115 0.596591 0.991346 0.600852 0.989423 0.601562 0.988462 0.601562 0.984615 0.603693 0.981731 0.605114 0.981731 0.610085 0.975000
0 0.214489 0.683654 0.213068 0.687500 0.210227 0.687500 0.203125 0.697115 0.198864 0.699038 0.196733 0.701923
0 0.332386 0.581731 0.331676 0.582692 0.331676 0.592308 0.329545 0.595192 0.328125 0.595192 0.326705 0.597115 0.323864 0.597115 0.323153 0.598077
0 0.855114 0.850962 0.853693 0.854808 0.849432 0.854808 0.848011 0.856731 0.845170 0.856731 0.840909 0.860577 0.838068 0.860577 0.837358 0.861538
0 0.161932 0.685577 0.162642 0.682692 0.164062 0.680769 0.164062 0.678846 0.165483 0.676923 0.165483 0.671154 0.166903 0.669231 0.166903 0.667308 0.171165 0.661538 0.171165 0.659615 0.172585 0.657692
0 0.345881 0.353846 0.345881 0.348077 0.344460 0.346154 0.344460 0.342308 0.339489 0.335577 0.338068 0.335577 0.336648 0.333654 0.335227 0.333654
0 0.201705 0.668269 0.200284 0.670192 0.194602 0.670192 0.193182 0.672115 0.191761 0.672115 0.189631 0.675000
0 0.700284 0.139423 0.696733 0.144231 0.696733 0.146154 0.693182 0.150962 0.690341 0.150962 0.689631 0.151923
0 0.269176 0.526923 0.267045 0.525962 0.262784 0.520192 0.261364 0.520192 0.256392 0.513462 0.255682 0.510577 0.254261 0.510577 0.252841 0.508654 0.248580 0.508654
0 0.127131 0.334615 0.127841 0.335577 0.137784 0.335577 0.139915 0.338462 0.139915 0.340385 0.142756 0.346154 0.142756 0.350000 0.143466 0.350962
0 0.223722 0.746154 0.227273 0.750962 0.228693 0.750962 0.229403 0.751923 0.229403 0.753846 0.230114 0.754808
0 0.262074 0.469231 0.263494 0.471154 0.263494 0.473077 0.266335 0.476923 0.266335 0.478846 0.267756 0.480769 0.267756 0.482692 0.272727 0.489423
0 0.707386 0.650962 0.701705 0.650962 0.700284 0.652885 0.696023 0.654808 0.686790 0.667308
0 0.021307 0.581731 0.020597 0.582692 0.020597 0.584615 0.019176 0.586538 0.019176 0.588462 0.017756 0.590385 0.017756 0.592308 0.015625 0.595192 0.014205 0.595192 0.013494 0.596154
0 0.978693 0.056731 0.980824 0.053846 0.980824 0.051923 0.982955 0.049038 0.985085 0.048077 0.985085 0.044231 0.985795 0.043269 0.987216 0.043269 0.990057 0.039423 0.991477 0.039423 0.992898 0.037500 0.995028 0.036538
0 0.024858 0.550000 0.024858 0.555769 0.026278 0.557692 0.027699 0.563462 0.031250 0.568269 0.034091 0.568269 0.038352 0.572115
0 0.742898 0.725962 0.742188 0.728846 0.737926 0.734615 0.737926 0.757692 0.739347 0.759615 0.739347 0.761538 0.737926 0.763462
0 0.014915 0.528846 0.015625 0.529808 0.018466 0.529808 0.019886 0.531731 0.021307 0.531731 0.024148 0.535577 0.025568 0.535577 0.026989 0.537500 0.032670 0.537500
0 0.856534 0.995192 0.857244 0.994231 0.857244 0.992308 0.862216 0.985577 0.865057 0.985577 0.865767 0.984615
0 0.003551 0.534615 0.004261 0.535577 0.008523 0.535577 0.009233 0.536538 0.009233 0.546154 0.009943 0.547115
0 0.034801 0.542308 0.035511 0.543269 0.036932 0.543269 0.042614 0.550962
0 0.991477 0.249038 0.992188 0.248077 0.992188 0.246154 0.993608 0.244231 0.993608 0.240385 0.996449 0.234615 0.996449 0.226923 0.997869 0.225000 0.997869 0.221154
0 0.450284 0.516346 0.449574 0.517308 0.449574 0.519231 0.445312 0.525000
0 0.336648 0.002885 0.333807 0.006731 0.332386 0.006731 0.328835 0.011538
