0 0.029830 0.614423 0.033381 0.603846 0.040483 0.598077 0.037642 0.590385 0.050426 0.573077 0.067472 0.540385
0 0.850142 0.701923 0.860795 0.708654 0.863636 0.702885 0.880682 0.708654 0.885653 0.715385 0.886364 0.735577
0 0.801136 0.187500 0.817472 0.151923 0.818892 0.125000 0.822443 0.122115 0.828125 0.124038 0.832386 0.116346 0.844460 0.111538
0 0.189631 0.453846 0.180398 0.443269 0.166193 0.443269 0.164773 0.445192 0.144886 0.443269 0.144176 0.426923 0.140625 0.416346
0 0.717330 0.512500 0.715199 0.523077 0.710227 0.529808 0.700994 0.528846 0.702415 0.540385 0.700284 0.543269 0.667614 0.541346 0.661222 0.550000
0 0.068892 0.809615 0.080966 0.814423 0.093040 0.828846 0.102273 0.858654
0 0.639915 0.788462 0.631392 0.782692 0.631392 0.761538 0.611506 0.721154 0.585227 0.683654
0 0.840199 0.942308 0.838068 0.937500 0.821023 0.935577 0.781250 0.918269 0.777699 0.909615 0.783381 0.903846 0.786222 0.890385 0.775568 0.874038
0 0.360795 0.377885 0.363636 0.370192 0.375000 0.370192 0.379261 0.374038 0.383523 0.368269 0.393466 0.362500 0.400568 0.350962 0.422585 0.346154
0 0.113636 0.335577 0.121449 0.328846 0.117188 0.325000 0.118608 0.307692 0.122159 0.300962 0.129972 0.296154 0.129972 0.282692 0.134943 0.272115 0.147727 0.270192 0.155540 0.263462
0 0.129261 0.906731 0.124290 0.913462 0.127131 0.917308 0.127131 0.923077 0.123580 0.927885 0.119318 0.927885 0.112216 0.939423 0.098011 0.939423 0.086648 0.943269 0.078835 0.951923 0.078125 0.956731 0.073153 0.959615
0 0.426136 0.058654 0.431818 0.033654 0.438920 0.029808 0.451705 0.037500 0.460227 0.024038 0.463778 0.023077
0 0.492898 0.645192 0.497159 0.637500 0.514205 0.635577 0.526989 0.624038 0.540483 0.600000
0 0.449574 0.871154 0.443892 0.867308 0.443182 0.856731 0.441051 0.857692 0.438920 0.864423 0.431818 0.864423 0.426136 0.860577 0.418324 0.840385 0.417614 0.833654
0 0.691051 0.630769 0.678977 0.614423 0.665483 0.603846 0.668324 0.569231 0.661932 0.550962
0 0.348011 0.724038 0.342330 0.733654 0.332386 0.733654 0.323864 0.741346 0.313920 0.766346 0.308239 0.768269 0.303977 0.764423 0.294034 0.764423 0.289062 0.769231
0 0.377841 0.264423 0.377131 0.275000 0.374290 0.280769 0.371449 0.296154 0.365057 0.300962 0.357955 0.300962 0.353693 0.306731 0.348722 0.307692
0 0.750000 0.314423 0.744318 0.329808 0.741477 0.331731 0.730114 0.329808 0.726562 0.334615 0.725142 0.342308 0.721591 0.345192 0.705966 0.343269 0.691051 0.346154
0 0.087358 0.375000 0.081676 0.361538 0.081676 0.344231 0.064631 0.307692 0.052557 0.295192 0.048295 0.285577
0 0.830966 0.541346 0.832386 0.537500 0.862216 0.520192 0.867898 0.512500 0.875000 0.510577 0.889205 0.489423 0.894176 0.486538
0 0.304688 0.315385 0.311080 0.318269 0.318182 0.331731 0.321023 0.331731 0.323153 0.323077 0.329545 0.318269 0.337358 0.325000 0.337358 0.340385 0.340199 0.348077 0.349432 0.356731
0 0.713068 0.070192 0.711648 0.074038 0.696023 0.074038 0.656250 0.089423 0.654119 0.094231
0 0.741477 0.535577 0.743608 0.515385 0.749290 0.505769 0.750710 0.500000 0.761364 0.491346 0.766335 0.490385
0 0.299716 0.104808 0.299006 0.109615 0.296165 0.113462 0.296165 0.117308 0.294744 0.119231 0.294034 0.124038 0.286932 0.124038 0.285511 0.125962 0.282670 0.125962 0.276278 0.130769
0 0.777699 0.909615 0.781250 0.918269 0.789773 0.924038 0.799006 0.926923 0.796165 0.936538 0.796165 0.946154 0.803977 0.966346
0 0.041193 0.833654 0.031960 0.876923 0.024858 0.894231 0.019886 0.899038 0.009943 0.897115 0.002131 0.903846
0 0.629972 0.088462 0.637074 0.094231 0.635653 0.101923 0.642756 0.111538 0.644176 0.115385 0.644176 0.128846 0.649858 0.136538 0.650568 0.141346
0 0.151278 0.484615 0.164773 0.487500 0.177557 0.495192 0.179688 0.498077 0.181818 0.506731
0 0.647727 0.370192 0.644176 0.378846 0.647017 0.398077 0.640625 0.406731 0.622159 0.410577 0.608665 0.419231
0 0.594460 0.492308 0.586648 0.483654 0.578835 0.478846 0.578835 0.465385 0.572443 0.456731
0 0.706676 0.126923 0.688920 0.110577 0.680398 0.116346 0.669034 0.116346 0.660511 0.108654 0.656250 0.100962
0 0.925426 0.050000 0.917614 0.043269 0.886364 0.043269 0.880682 0.047115 0.875000 0.043269 0.872159 0.037500
0 0.000000 0.502885 0.000710 0.492308 0.004972 0.475000 0.012784 0.464423 0.021307 0.458654 0.027699 0.457692
0 0.005682 0.945192 0.006392 0.936538 0.007812 0.934615 0.007812 0.923077 0.009233 0.921154 0.009233 0.913462 0.010653 0.909615 0.014205 0.904808 0.023438 0.900000
0 0.739347 0.798077 0.736506 0.796154 0.735085 0.788462 0.733665 0.786538 0.735085 0.778846 0.728693 0.770192 0.725852 0.772115 0.720170 0.772115 0.718750 0.766346
0 0.505682 0.191346 0.506392 0.186538 0.512074 0.173077 0.512074 0.161538 0.513494 0.157692 0.517756 0.151923
0 0.967330 0.393269 0.970170 0.385577 0.978693 0.379808 0.984375 0.379808 0.990767 0.371154 0.993608 0.363462 0.993608 0.359615 0.997869 0.355769
0 0.220881 0.459615 0.235795 0.460577 0.250000 0.468269 0.257102 0.466346 0.264915 0.475000 0.265625 0.479808
0 0.612926 0.907692 0.617898 0.910577 0.630682 0.910577 0.636364 0.914423 0.641335 0.923077 0.643466 0.931731
0 0.931818 0.985577 0.932528 0.982692 0.940341 0.974038 0.955966 0.975962 0.963068 0.968269 0.975142 0.967308
0 0.091619 0.465385 0.088068 0.462500 0.086648 0.462500 0.085227 0.460577 0.083807 0.460577 0.080256 0.455769 0.080256 0.453846 0.077415 0.450000 0.077415 0.448077 0.075994 0.446154 0.075994 0.442308 0.075284 0.441346
0 0.440341 0.550962 0.441051 0.550000 0.441051 0.544231 0.442472 0.542308 0.442472 0.538462 0.445312 0.534615 0.445312 0.526923 0.446733 0.525000 0.446733 0.523077 0.452415 0.519231
0 0.325284 0.552885 0.328835 0.548077 0.325994 0.542308 0.325994 0.538462 0.330256 0.526923 0.332386 0.524038 0.340199 0.519231
0 0.622159 0.002885 0.617188 0.011538 0.615767 0.017308 0.610085 0.023077 0.608665 0.026923 0.608665 0.034615 0.602273 0.043269 0.600142 0.044231
0 0.252841 0.889423 0.253551 0.888462 0.253551 0.884615 0.254972 0.882692 0.254972 0.880769 0.257812 0.876923 0.257812 0.875000 0.261364 0.870192 0.262784 0.870192 0.264205 0.868269 0.265625 0.868269 0.266335 0.867308
0 0.840909 0.212500 0.846591 0.202885 0.853693 0.200962 0.856534 0.195192 0.864347 0.190385
0 0.479403 0.975000 0.485795 0.975962 0.494318 0.981731 0.497159 0.985577 0.504261 0.989423 0.509943 0.997115
0 0.638494 0.044231 0.636364 0.043269 0.632812 0.038462 0.632812 0.028846 0.627841 0.022115 0.625000 0.020192 0.622159 0.020192 0.620739 0.018269 0.617898 0.018269 0.616477 0.016346
0 0.340199 0.713462 0.338068 0.712500 0.336648 0.710577 0.333807 0.710577 0.332386 0.708654 0.329545 0.708654 0.328125 0.706731 0.326705 0.706731 0.321023 0.699038
0 0.213068 0.002885 0.210227 0.010577 0.203125 0.010577 0.196023 0.006731 0.190341 0.012500 0.181818 0.016346 0.164773 0.012500 0.162642 0.021154
0 0.512074 0.201923 0.517045 0.208654 0.518466 0.208654 0.519886 0.210577 0.521307 0.210577 0.524148 0.214423 0.525568 0.214423 0.531250 0.222115
0 0.617188 0.017308 0.617898 0.018269 0.620739 0.018269 0.622159 0.020192 0.625000 0.020192 0.626420 0.022115 0.627841 0.022115 0.632102 0.027885
0 0.996449 0.080769 0.995739 0.079808 0.991477 0.079808 0.990057 0.077885 0.988636 0.077885 0.987216 0.075962 0.985795 0.075962 0.983665 0.073077 0.983665 0.071154 0.982244 0.069231 0.982244 0.065385 0.981534 0.064423
0 0.997869 0.976923 0.997869 0.975000 0.996449 0.973077 0.996449 0.971154 0.995739 0.970192 0.994318 0.970192 0.991477 0.966346 0.990057 0.966346 0.987216 0.970192 0.985795 0.970192 0.984375 0.968269 0.982955 0.968269 0.981534 0.964423
0 0.071733 0.011538 0.071023 0.010577 0.068182 0.010577 0.066761 0.008654 0.065341 0.008654 0.063920 0.006731 0.062500 0.006731 0.060369 0.003846 0.060369 0.001923 0.059659 0.000962
