0 0.174716 0.147115 0.174006 0.148077 0.174006 0.150000 0.172585 0.151923 0.172585 0.159615 0.167614 0.166346 0.166193 0.166346 0.165483 0.167308
0 0.846591 0.620192 0.847301 0.619231 0.847301 0.615385 0.848722 0.613462 0.848722 0.611538 0.853693 0.604808 0.855114 0.604808 0.855824 0.603846
0 0.801847 0.765385 0.802557 0.766346 0.803977 0.766346 0.805398 0.768269 0.806818 0.768269 0.810369 0.773077 0.810369 0.782692 0.811080 0.783654
0 0.965909 0.016346 0.965199 0.017308 0.965199 0.019231 0.963778 0.021154 0.963778 0.023077 0.962358 0.025000 0.962358 0.034615 0.959517 0.038462
0 0.225142 0.757692 0.224432 0.756731 0.221591 0.756731 0.219460 0.753846 0.219460 0.751923 0.218040 0.750000 0.218040 0.748077 0.216619 0.746154 0.216619 0.742308 0.215909 0.741346
0 0.126420 0.637500 0.125710 0.638462 0.125710 0.640385 0.124290 0.642308 0.124290 0.644231 0.122159 0.647115 0.120739 0.647115 0.119318 0.649038 0.116477 0.649038 0.115767 0.650000
0 0.331676 0.161538 0.332386 0.162500 0.335227 0.162500 0.336648 0.164423 0.338068 0.164423 0.343040 0.171154 0.343040 0.175000 0.343750 0.175962
0 0.426136 0.283654 0.425426 0.284615 0.425426 0.286538 0.421165 0.292308 0.421165 0.294231 0.420455 0.295192 0.419034 0.295192 0.417614 0.297115 0.414773 0.297115 0.414062 0.298077
0 0.562500 0.712500 0.563210 0.711538 0.563210 0.707692 0.565341 0.704808 0.566761 0.704808 0.568182 0.702885 0.569602 0.702885 0.570312 0.701923
0 0.221591 0.193269 0.222301 0.192308 0.222301 0.190385 0.223722 0.188462 0.223722 0.186538 0.225852 0.183654 0.227273 0.183654 0.228693 0.181731 0.231534 0.181731 0.232244 0.180769
0 0.081676 0.888462 0.082386 0.889423 0.083807 0.889423 0.085938 0.892308 0.085938 0.894231 0.087358 0.896154 0.087358 0.898077 0.090199 0.901923 0.090199 0.903846 0.092330 0.906731
0 0.210227 0.108654 0.208097 0.111538 0.208097 0.113462 0.206676 0.115385 0.206676 0.117308 0.205256 0.119231 0.205256 0.123077 0.204545 0.124038 0.203125 0.124038 0.202415 0.125000
0 0.622869 0.363462 0.620739 0.362500 0.618608 0.359615 0.618608 0.357692 0.617188 0.355769 0.617188 0.348077 0.615767 0.346154 0.620739 0.343269 0.623580 0.339423 0.625000 0.339423 0.628551 0.332692
0 0.490767 0.951923 0.491477 0.952885 0.495739 0.952885 0.496449 0.953846 0.496449 0.955769 0.497869 0.957692 0.497869 0.961538 0.498580 0.962500
0 0.828125 0.477885 0.829545 0.475962 0.830966 0.475962 0.836648 0.468269 0.839489 0.468269 0.840199 0.467308
0 0.961648 0.052885 0.962358 0.051923 0.962358 0.048077 0.965909 0.043269 0.967330 0.043269 0.968750 0.041346 0.970170 0.041346 0.970881 0.040385
0 0.161222 0.090385 0.161932 0.091346 0.164773 0.091346 0.165483 0.092308 0.165483 0.094231 0.166903 0.096154 0.166903 0.098077 0.168324 0.100000 0.168324 0.107692 0.169034 0.108654
0 0.471591 0.897115 0.472301 0.896154 0.472301 0.894231 0.474432 0.891346 0.475852 0.891346 0.478693 0.887500 0.480114 0.887500 0.480824 0.886538
0 0.583807 0.785577 0.584517 0.784615 0.584517 0.780769 0.590199 0.773077
0 0.370028 0.607692 0.370739 0.608654 0.372159 0.608654 0.373580 0.610577 0.375000 0.610577 0.376420 0.612500 0.377841 0.612500 0.379972 0.615385 0.379972 0.617308 0.382812 0.621154 0.382812 0.623077 0.383523 0.624038
0 0.803267 0.019231 0.803977 0.020192 0.805398 0.020192 0.808949 0.025000 0.808949 0.034615 0.809659 0.035577
0 0.446733 0.671154 0.446023 0.670192 0.444602 0.670192 0.443182 0.668269 0.441761 0.668269 0.439631 0.665385 0.439631 0.663462 0.438210 0.661538 0.438210 0.659615 0.437500 0.658654
0 0.818182 0.477885 0.817472 0.478846 0.817472 0.480769 0.816051 0.482692 0.816051 0.484615 0.814631 0.486538 0.814631 0.496154 0.811790 0.498077
0 0.693182 0.045192 0.691761 0.045192 0.691051 0.046154 0.691051 0.048077 0.687500 0.052885 0.683239 0.052885 0.681818 0.054808 0.678977 0.054808 0.678267 0.055769
0 0.237926 0.209615 0.238636 0.210577 0.241477 0.210577 0.243608 0.213462 0.243608 0.225000 0.244318 0.225962
0 0.931108 0.138462 0.931818 0.139423 0.933239 0.139423 0.934659 0.141346 0.936080 0.141346 0.941761 0.149038 0.943182 0.149038
0 0.321733 0.317308 0.321023 0.316346 0.318182 0.316346 0.311080 0.306731
0 0.337358 0.003846 0.338068 0.004808 0.339489 0.004808 0.341619 0.007692 0.341619 0.009615 0.344460 0.013462 0.344460 0.015385 0.345170 0.016346
0 0.926847 0.501923 0.927557 0.502885 0.931818 0.502885 0.933239 0.504808 0.934659 0.504808 0.936790 0.507692 0.936790 0.509615 0.937500 0.510577
0 0.307528 0.151923 0.306108 0.153846 0.308239 0.156731 0.309659 0.156731 0.311790 0.159615 0.311790 0.161538 0.313210 0.163462 0.313210 0.169231 0.313920 0.170192
0 0.516335 0.336538 0.517045 0.337500 0.521307 0.337500 0.522727 0.339423 0.524148 0.339423 0.527699 0.344231 0.527699 0.346154 0.529830 0.349038
0 0.437500 0.570192 0.438920 0.568269 0.440341 0.568269 0.448153 0.557692
0 0.759233 0.976923 0.759943 0.977885 0.761364 0.977885 0.762784 0.979808 0.764205 0.979808 0.768466 0.985577
0 0.191761 0.524038 0.193182 0.524038 0.193892 0.523077 0.193892 0.521154 0.195312 0.519231 0.195312 0.517308 0.196733 0.515385 0.196733 0.513462 0.199574 0.509615 0.199574 0.507692
0 0.762074 0.200000 0.761364 0.199038 0.758523 0.199038 0.753551 0.192308 0.753551 0.186538 0.752841 0.185577
0 0.514205 0.925962 0.514915 0.925000 0.514915 0.921154 0.516335 0.919231 0.516335 0.915385 0.520597 0.909615
0 0.446023 0.560577 0.440341 0.568269 0.433239 0.568269 0.432528 0.569231
0 0.497869 0.805769 0.498580 0.806731 0.500000 0.806731 0.501420 0.808654 0.502841 0.808654 0.504261 0.810577 0.505682 0.810577 0.507812 0.813462 0.507812 0.815385 0.508523 0.816346
0 0.941051 0.148077 0.936080 0.141346 0.934659 0.141346 0.933239 0.139423 0.931818 0.139423
0 0.223011 0.114423 0.224432 0.114423 0.229403 0.107692 0.229403 0.101923 0.230114 0.100962 0.231534 0.100962 0.232244 0.100000
0 0.857955 0.850962 0.858665 0.850000 0.858665 0.846154 0.860085 0.844231 0.860085 0.842308 0.862216 0.839423 0.863636 0.839423 0.865057 0.837500 0.867898 0.837500 0.868608 0.836538
0 0.867188 0.863462 0.867898 0.864423 0.869318 0.864423 0.870028 0.865385 0.870028 0.867308 0.871449 0.869231 0.871449 0.871154 0.873580 0.874038 0.875000 0.874038 0.876420 0.875962 0.877841 0.875962
0 0.202415 0.826923 0.203125 0.827885 0.207386 0.827885 0.208807 0.829808 0.210227 0.829808 0.212358 0.832692 0.212358 0.834615 0.213778 0.836538 0.213778 0.838462 0.214489 0.839423
0 0.580966 0.949038 0.582386 0.947115 0.583807 0.947115 0.585227 0.945192 0.586648 0.945192 0.587358 0.944231 0.587358 0.942308 0.588778 0.940385
0 0.200284 0.506731 0.199574 0.507692 0.199574 0.509615 0.196733 0.513462 0.196733 0.515385 0.195312 0.517308 0.195312 0.519231 0.193892 0.521154 0.193892 0.523077
0 0.627841 0.331731 0.627131 0.332692 0.627131 0.336538 0.625000 0.339423 0.623580 0.339423 0.620739 0.343269 0.619318 0.343269 0.618608 0.344231
0 0.580966 0.302885 0.580256 0.303846 0.580256 0.305769 0.576705 0.310577 0.575284 0.310577 0.574574 0.311538
0 0.571733 0.948077 0.571023 0.947115 0.569602 0.947115 0.568892 0.946154 0.570312 0.944231 0.570312 0.940385 0.568892 0.938462 0.568892 0.934615 0.568182 0.933654
0 0.797585 0.069231 0.796875 0.068269 0.795455 0.068269 0.793324 0.065385 0.793324 0.059615 0.792614 0.058654
0 0.256392 0.184615 0.260653 0.190385 0.260653 0.196154 0.266335 0.203846 0.266335 0.205769 0.267045 0.206731
0 0.154830 0.447115 0.150568 0.449038 0.148438 0.451923 0.148438 0.453846 0.147017 0.455769 0.147017 0.461538 0.146307 0.462500 0.144886 0.462500 0.143466 0.460577 0.140625 0.460577 0.139205 0.458654 0.136364 0.458654 0.134233 0.455769 0.133523 0.452885
0 0.413352 0.956731 0.414062 0.955769 0.414062 0.953846 0.414773 0.952885 0.416193 0.952885 0.418324 0.950000 0.418324 0.942308 0.419034 0.941346 0.420455 0.941346 0.421165 0.940385
0 0.524148 0.381731 0.523438 0.382692 0.523438 0.384615 0.519886 0.389423 0.518466 0.389423 0.517045 0.391346 0.514205 0.391346 0.513494 0.392308
0 0.381392 0.690385 0.380682 0.689423 0.379261 0.689423 0.377841 0.687500 0.376420 0.687500 0.375000 0.685577 0.373580 0.685577 0.372159 0.683654 0.370739 0.683654 0.370028 0.682692 0.370028 0.678846 0.369318 0.677885
0 0.696733 0.011538 0.697443 0.012500 0.698864 0.012500 0.704545 0.020192
0 0.507812 0.844231 0.508523 0.845192 0.511364 0.845192 0.512784 0.847115 0.514205 0.847115 0.515625 0.849038
0 0.409801 0.138462 0.404119 0.130769 0.404119 0.128846 0.403409 0.127885
0 0.390625 0.464423 0.397017 0.455769 0.397017 0.450000
0 0.394176 0.321154 0.393466 0.320192 0.387784 0.320192 0.381392 0.311538 0.381392 0.309615 0.380682 0.308654
0 0.681108 0.005769 0.683949 0.009615 0.683949 0.019231 0.685369 0.021154 0.685369 0.028846 0.686080 0.029808
0 0.938920 0.460577 0.938210 0.461538 0.938210 0.463462 0.936080 0.466346 0.933239 0.466346 0.932528 0.467308
0 0.135653 0.290385 0.134943 0.289423 0.130682 0.289423 0.129261 0.287500 0.127841 0.287500 0.123580 0.281731
0 0.155540 0.473077 0.154830 0.472115 0.153409 0.472115 0.148438 0.465385 0.148438 0.463462 0.147727 0.462500
0 0.159091 0.127885 0.159801 0.126923 0.159801 0.125000 0.161222 0.123077 0.161222 0.119231 0.162642 0.117308 0.162642 0.115385 0.163352 0.114423 0.164773 0.114423 0.165483 0.113462
0 0.900568 0.045192 0.901278 0.044231 0.901278 0.040385 0.901989 0.039423 0.903409 0.039423 0.904830 0.037500 0.907670 0.037500 0.908381 0.036538
0 0.825994 0.425000 0.823864 0.422115 0.822443 0.422115 0.818892 0.417308 0.818892 0.415385 0.818182 0.414423
0 0.005682 0.445192 0.007102 0.445192 0.007812 0.444231 0.007812 0.442308 0.009233 0.440385 0.009233 0.438462 0.009943 0.437500 0.011364 0.437500 0.013494 0.434615
0 0.892045 0.866346 0.891335 0.867308 0.891335 0.869231 0.886364 0.875962 0.884943 0.875962 0.884233 0.876923
0 0.376420 0.452885 0.377131 0.451923 0.377131 0.450000 0.378551 0.448077 0.378551 0.446154 0.380682 0.443269 0.382102 0.443269 0.383523 0.441346 0.384943 0.441346 0.386364 0.439423 0.387784 0.439423 0.388494 0.438462
0 0.522727 0.225962 0.523438 0.225000 0.523438 0.223077 0.528409 0.216346 0.534091 0.216346 0.534801 0.215385
0 0.212358 0.109615 0.214489 0.112500 0.220170 0.112500 0.222301 0.115385 0.222301 0.117308 0.223722 0.119231 0.223722 0.121154 0.224432 0.122115
0 0.398438 0.363462 0.399148 0.364423 0.400568 0.364423 0.404119 0.369231 0.404119 0.373077 0.404830 0.374038
0 0.779119 0.113462 0.778409 0.112500 0.776989 0.112500 0.775568 0.110577 0.774148 0.110577 0.770597 0.105769 0.770597 0.101923 0.769886 0.100962
0 0.611506 0.340385 0.617188 0.348077 0.617188 0.355769 0.617898 0.356731
0 0.314631 0.175000 0.314631 0.171154 0.313210 0.169231 0.313210 0.163462 0.311790 0.161538 0.311790 0.159615 0.309659 0.156731 0.308239 0.156731 0.306818 0.154808
0 0.742188 0.975000 0.746449 0.980769 0.746449 0.982692 0.747159 0.983654
0 0.419034 0.941346 0.418324 0.942308 0.418324 0.950000 0.416193 0.952885 0.414773 0.952885 0.414062 0.953846 0.414062 0.955769 0.412642 0.957692
0 0.220881 0.088462 0.221591 0.089423 0.223011 0.089423 0.225142 0.092308 0.225142 0.094231 0.227983 0.098077 0.227983 0.100000 0.228693 0.100962
0 0.022017 0.409615 0.019886 0.406731 0.018466 0.406731 0.015625 0.402885
0 0.129972 0.559615 0.129261 0.558654 0.122159 0.558654 0.121449 0.557692 0.121449 0.555769 0.120028 0.553846 0.120028 0.551923 0.119318 0.550962
0 0.808949 0.771154 0.806818 0.768269 0.805398 0.768269 0.801136 0.764423 0.798295 0.764423 0.796875 0.766346 0.791193 0.766346 0.789062 0.763462 0.788352 0.760577
0 0.245028 0.155769 0.245739 0.156731 0.247159 0.156731 0.248580 0.158654 0.250000 0.158654 0.252131 0.161538 0.252131 0.163462 0.252841 0.164423
0 0.107244 0.496154 0.107955 0.497115 0.109375 0.497115 0.111506 0.500000 0.111506 0.501923 0.112926 0.503846 0.112926 0.505769 0.113636 0.506731
0 0.775568 0.393269 0.776278 0.392308 0.776278 0.388462 0.778409 0.385577 0.779830 0.385577 0.780540 0.384615
0 0.792614 0.008654 0.791903 0.009615 0.791903 0.013462 0.787642 0.019231
0 0.840199 0.690385 0.840909 0.691346 0.842330 0.691346 0.844460 0.694231 0.844460 0.698077 0.845170 0.699038
0 0.093040 0.538462 0.092330 0.537500 0.089489 0.537500 0.085227 0.531731
0 0.797585 0.961538 0.798295 0.962500 0.799716 0.962500 0.801136 0.964423 0.802557 0.964423 0.803267 0.965385 0.803267 0.967308 0.804688 0.969231 0.804688 0.971154 0.805398 0.972115
0 0.533381 0.207692 0.531250 0.204808 0.529830 0.204808 0.528409 0.202885 0.521307 0.202885 0.519886 0.204808 0.518466 0.204808 0.517045 0.202885
0 0.250710 0.203846 0.251420 0.204808 0.252841 0.204808 0.256392 0.209615 0.256392 0.221154 0.257102 0.222115
0 0.790483 0.344231 0.791193 0.345192 0.795455 0.345192 0.796875 0.347115 0.798295 0.347115 0.800426 0.350000 0.800426 0.351923 0.801136 0.352885
0 0.534091 0.937500 0.534801 0.936538 0.534801 0.932692 0.536932 0.929808 0.538352 0.929808 0.539062 0.928846
0 0.677557 0.056731 0.678977 0.054808 0.681818 0.054808 0.683239 0.052885 0.687500 0.052885 0.691051 0.048077 0.691051 0.046154 0.693182 0.045192 0.696733 0.040385
0 0.188920 0.468269 0.193182 0.462500 0.196023 0.462500 0.196733 0.461538
0 0.972301 0.017308 0.973011 0.018269 0.978693 0.018269 0.979403 0.019231 0.979403 0.021154 0.980114 0.022115
0 0.539062 0.959615 0.541193 0.962500 0.542614 0.962500 0.544034 0.964423 0.546875 0.964423 0.548295 0.966346 0.549716 0.966346
0 0.426136 0.327885 0.427557 0.325962 0.431818 0.325962 0.432528 0.325000
0 0.590909 0.849038 0.590199 0.850000 0.590199 0.851923 0.585227 0.858654 0.579545 0.858654 0.578835 0.859615
0 0.527699 0.067308 0.528409 0.068269 0.531250 0.068269 0.531960 0.069231 0.531960 0.071154 0.533381 0.073077 0.533381 0.075000 0.534091 0.075962
0 0.534091 0.216346 0.528409 0.216346 0.523438 0.223077 0.523438 0.225000 0.522017 0.226923
0 0.567472 0.971154 0.567472 0.957692 0.566761 0.956731
0 0.024858 0.480769 0.029119 0.486538 0.029119 0.490385 0.029830 0.491346
0 0.352983 0.357692 0.352273 0.356731 0.350852 0.356731 0.348722 0.353846 0.348722 0.350000 0.345881 0.346154 0.345881 0.344231 0.345170 0.343269
0 0.555398 0.950962 0.553977 0.950962 0.553267 0.951923 0.553267 0.955769 0.554688 0.957692 0.554688 0.959615 0.551847 0.963462 0.551847 0.965385
0 0.012784 0.435577 0.011364 0.437500 0.009943 0.437500 0.009233 0.438462 0.009233 0.440385 0.007812 0.442308 0.007812 0.444231 0.007102 0.445192 0.005682 0.445192 0.004972 0.446154
0 0.885653 0.157692 0.885653 0.159615 0.887074 0.161538 0.887074 0.163462 0.888494 0.165385 0.888494 0.169231 0.889205 0.170192
0 0.558949 0.971154 0.556108 0.967308 0.556108 0.965385 0.554688 0.963462 0.554688 0.957692 0.553977 0.956731
0 0.688210 0.686538 0.688210 0.688462 0.688920 0.689423 0.690341 0.689423 0.691761 0.691346 0.693182 0.691346 0.694602 0.693269 0.696023 0.693269 0.698864 0.697115
0 0.566761 0.933654 0.559659 0.933654 0.558239 0.935577 0.555398 0.935577 0.554688 0.936538 0.554688 0.940385
0 0.554688 0.961538 0.554688 0.963462 0.556108 0.965385 0.556108 0.967308 0.554688 0.969231 0.554688 0.978846 0.556108 0.980769 0.556108 0.988462 0.558239 0.989423
0 0.822443 0.029808 0.821733 0.030769 0.821733 0.032692 0.819602 0.035577 0.818182 0.035577 0.816761 0.037500 0.815341 0.037500 0.814631 0.038462
0 0.564631 0.953846 0.563920 0.952885 0.562500 0.952885 0.558239 0.947115 0.556818 0.947115 0.555398 0.945192
0 0.019176 0.415385 0.019886 0.416346 0.021307 0.416346 0.023438 0.419231 0.023438 0.423077 0.024148 0.424038
0 0.556108 0.969231 0.556818 0.970192 0.558239 0.970192 0.559659 0.972115 0.563920 0.972115 0.565341 0.970192 0.566051 0.971154 0.566051 0.975000 0.566761 0.975962
0 0.700284 0.677885 0.699574 0.678846 0.699574 0.684615 0.698153 0.686538 0.698153 0.690385 0.696733 0.692308
0 0.697443 0.691346 0.698153 0.690385 0.698153 0.686538 0.699574 0.684615 0.699574 0.678846 0.700994 0.676923 0.700994 0.675000
