0 0.353693 0.024038 0.354403 0.023077 0.354403 0.021154 0.356534 0.018269 0.357955 0.018269 0.359375 0.016346 0.360795 0.016346 0.362216 0.014423 0.363636 0.014423 0.364347 0.013462
0 0.528409 0.562500 0.529119 0.561538 0.529119 0.557692 0.530540 0.555769 0.530540 0.553846 0.534091 0.549038 0.535511 0.549038 0.536222 0.548077
0 0.705256 0.992308 0.704545 0.991346 0.703125 0.991346 0.699574 0.986538 0.699574 0.984615 0.698153 0.982692 0.698153 0.980769 0.697443 0.979808
0 0.612926 0.615385 0.612216 0.614423 0.609375 0.614423 0.606534 0.610577 0.605114 0.610577 0.602983 0.607692 0.602983 0.603846 0.602273 0.602885
0 0.939631 0.182692 0.941761 0.185577 0.943182 0.185577 0.945312 0.188462 0.945312 0.190385 0.946733 0.192308 0.946733 0.194231 0.947443 0.195192
0 0.518466 0.020192 0.522727 0.014423 0.524148 0.014423 0.525568 0.012500 0.526989 0.012500 0.527699 0.011538
0 0.921875 0.824038 0.920455 0.825962 0.919034 0.825962 0.917614 0.827885 0.916193 0.827885 0.914773 0.829808 0.913352 0.829808 0.910511 0.833654 0.909091 0.833654 0.908381 0.834615
0 0.593040 0.730769 0.595881 0.734615 0.595881 0.736538 0.597301 0.738462 0.597301 0.740385 0.598722 0.742308 0.598722 0.744231 0.599432 0.745192
0 0.222301 0.438462 0.223011 0.439423 0.224432 0.439423 0.227983 0.444231 0.227983 0.446154 0.229403 0.448077 0.229403 0.450000 0.230114 0.450962
0 0.279119 0.626923 0.279830 0.627885 0.281250 0.627885 0.282670 0.629808 0.284091 0.629808 0.287642 0.634615 0.287642 0.636538 0.290483 0.640385 0.290483 0.642308 0.291903 0.644231 0.291903 0.646154 0.292614 0.647115
0 0.124290 0.032692 0.123580 0.031731 0.122159 0.031731 0.120739 0.029808 0.119318 0.029808 0.117898 0.027885 0.116477 0.027885 0.114347 0.025000 0.114347 0.023077 0.113636 0.022115
0 0.549716 0.762500 0.549006 0.763462 0.549006 0.767308 0.547585 0.769231 0.547585 0.771154 0.546165 0.773077 0.546165 0.775000 0.545455 0.775962 0.542614 0.775962 0.541903 0.776923
0 0.026278 0.253846 0.026989 0.254808 0.028409 0.254808 0.033381 0.261538 0.033381 0.263462 0.034801 0.265385 0.034801 0.269231 0.035511 0.270192
0 0.477273 0.156731 0.477983 0.155769 0.477983 0.151923 0.479403 0.150000 0.479403 0.148077 0.482955 0.143269 0.484375 0.143269 0.485085 0.142308
0 0.385653 0.684615 0.384943 0.683654 0.380682 0.683654 0.378551 0.680769 0.378551 0.678846 0.377131 0.676923 0.377131 0.675000 0.376420 0.674038
0 0.950284 0.389423 0.950994 0.388462 0.950994 0.386538 0.951705 0.385577 0.953125 0.385577 0.954545 0.383654 0.955966 0.383654 0.957386 0.381731 0.958807 0.381731 0.959517 0.380769
0 0.017756 0.694231 0.018466 0.695192 0.019886 0.695192 0.021307 0.697115 0.022727 0.697115 0.027699 0.703846 0.027699 0.705769 0.028409 0.706731
0 0.013494 0.209615 0.014205 0.210577 0.015625 0.210577 0.019176 0.215385 0.019176 0.226923 0.019886 0.227885
0 0.849432 0.879808 0.850142 0.878846 0.850142 0.876923 0.851562 0.875000 0.851562 0.873077 0.853693 0.870192 0.855114 0.870192 0.856534 0.868269 0.857955 0.868269 0.858665 0.867308
0 0.742898 0.116346 0.743608 0.115385 0.743608 0.107692 0.745028 0.105769 0.745028 0.103846 0.745739 0.102885 0.750000 0.102885 0.750710 0.101923
0 0.435369 0.750000 0.439631 0.755769 0.439631 0.765385 0.440341 0.766346
0 0.050426 0.315385 0.054688 0.321154 0.054688 0.323077 0.056108 0.325000 0.056108 0.328846 0.056818 0.329808
0 0.460938 0.625000 0.466619 0.632692 0.466619 0.636538 0.467330 0.637500
0 0.073153 0.009615 0.073864 0.010577 0.076705 0.010577 0.078835 0.013462 0.078835 0.015385 0.079545 0.016346
0 0.233665 0.101923 0.234375 0.102885 0.235795 0.102885 0.239347 0.107692 0.239347 0.109615 0.240057 0.110577
0 0.276989 0.558654 0.277699 0.557692 0.277699 0.555769 0.278409 0.554808 0.279830 0.554808 0.281960 0.551923
0 0.052557 0.964423 0.051847 0.965385 0.051847 0.967308 0.050426 0.969231 0.050426 0.971154 0.046875 0.975962 0.045455 0.975962 0.044744 0.976923
0 0.268466 0.539423 0.269176 0.538462 0.269176 0.536538 0.270597 0.534615 0.270597 0.532692 0.274148 0.527885 0.275568 0.527885 0.276278 0.526923
0 0.070312 0.055769 0.071023 0.056731 0.072443 0.056731 0.075994 0.061538 0.075994 0.065385 0.076705 0.066346
0 0.553267 0.030769 0.552557 0.029808 0.548295 0.029808 0.547585 0.028846 0.547585 0.026923 0.546165 0.025000 0.546165 0.019231 0.545455 0.018269
0 0.325284 0.475962 0.325994 0.475000 0.325994 0.473077 0.329545 0.468269 0.330966 0.468269 0.332386 0.466346 0.333807 0.466346 0.334517 0.465385
0 0.437500 0.524038 0.438210 0.523077 0.438210 0.521154 0.441761 0.516346 0.443182 0.516346 0.443892 0.515385
0 0.977273 0.350962 0.977983 0.350000 0.977983 0.346154 0.980114 0.343269 0.981534 0.343269 0.982955 0.341346 0.984375 0.341346 0.985085 0.340385
0 0.730824 0.953846 0.730114 0.952885 0.728693 0.952885 0.726562 0.950000 0.726562 0.948077 0.723722 0.944231 0.723722 0.942308 0.723011 0.941346
0 0.648438 0.026923 0.645597 0.023077 0.645597 0.021154 0.640625 0.014423
0 0.198153 0.250000 0.198153 0.251923 0.199574 0.253846 0.199574 0.255769 0.202415 0.259615 0.202415 0.261538 0.203835 0.263462 0.203835 0.265385 0.204545 0.266346
0 0.605114 0.081731 0.604403 0.082692 0.604403 0.086538 0.602983 0.088462 0.602983 0.090385 0.600852 0.093269 0.599432 0.093269 0.598722 0.094231
0 0.423295 0.143269 0.424006 0.142308 0.424006 0.140385 0.424716 0.139423 0.433239 0.139423 0.433949 0.138462
0 0.709517 0.025000 0.708807 0.024038 0.705966 0.024038 0.704545 0.022115 0.703125 0.022115 0.699574 0.017308 0.699574 0.015385 0.698153 0.013462 0.698153 0.011538 0.697443 0.010577
0 0.688920 0.720192 0.689631 0.719231 0.689631 0.717308 0.693182 0.712500 0.694602 0.712500 0.696023 0.710577 0.698864 0.710577 0.699574 0.709615
0 0.160511 0.710577 0.161222 0.709615 0.161222 0.707692 0.162642 0.705769 0.162642 0.703846 0.164773 0.700962 0.166193 0.700962 0.166903 0.700000
0 0.880682 0.985577 0.876420 0.991346 0.875000 0.991346 0.873580 0.993269 0.870739 0.993269 0.870028 0.994231
0 0.738636 0.275962 0.737926 0.276923 0.737926 0.278846 0.737216 0.279808 0.735795 0.279808 0.734375 0.281731 0.732955 0.281731 0.727983 0.288462
0 0.174006 0.355769 0.173295 0.354808 0.171875 0.354808 0.170455 0.352885 0.169034 0.352885 0.164773 0.347115
0 0.765625 0.643269 0.766335 0.642308 0.766335 0.640385 0.771307 0.633654 0.774148 0.633654 0.774858 0.632692
0 0.766335 0.798077 0.767045 0.799038 0.768466 0.799038 0.773438 0.805769 0.773438 0.807692 0.774148 0.808654
0 0.218040 0.515385 0.215199 0.511538 0.215199 0.509615 0.214489 0.508654
0 0.957386 0.020192 0.956676 0.021154 0.956676 0.025000 0.955256 0.026923 0.955256 0.028846 0.952415 0.032692
0 0.742188 0.090385 0.741477 0.089423 0.740057 0.089423 0.734375 0.081731
0 0.728693 0.287500 0.732955 0.281731 0.734375 0.281731 0.735795 0.279808 0.737216 0.279808 0.738636 0.277885 0.740057 0.277885 0.740767 0.276923
0 0.339489 0.164423 0.335227 0.170192 0.333807 0.170192 0.332386 0.172115 0.329545 0.172115 0.328835 0.173077
0 0.899148 0.902885 0.898438 0.903846 0.898438 0.907692 0.896307 0.910577 0.894886 0.910577 0.893466 0.912500 0.892045 0.912500 0.891335 0.913462
0 0.054688 0.348077 0.055398 0.349038 0.058239 0.349038 0.059659 0.350962 0.061080 0.350962 0.063210 0.353846 0.063210 0.355769 0.064631 0.357692 0.064631 0.359615 0.065341 0.360577
0 0.941051 0.642308 0.941761 0.643269 0.943182 0.643269 0.945312 0.646154 0.945312 0.648077 0.946733 0.650000 0.946733 0.653846 0.947443 0.654808
0 0.431108 0.871154 0.433239 0.874038 0.434659 0.874038 0.436790 0.876923 0.436790 0.880769 0.437500 0.881731
0 0.414062 0.555769 0.408381 0.548077 0.408381 0.546154 0.407670 0.545192
0 0.942472 0.515385 0.941761 0.514423 0.940341 0.514423 0.936790 0.509615 0.936790 0.507692 0.933949 0.503846 0.933949 0.501923 0.933239 0.500962
0 0.737216 0.516346 0.736506 0.517308 0.736506 0.521154 0.735085 0.523077 0.735085 0.525000 0.732955 0.527885 0.731534 0.527885 0.730824 0.528846
0 0.605824 0.115385 0.606534 0.116346 0.607955 0.116346 0.614347 0.125000 0.614347 0.126923 0.615767 0.128846 0.615767 0.130769 0.616477 0.131731
0 0.378551 0.442308 0.379261 0.443269 0.382102 0.443269 0.383523 0.445192 0.384943 0.445192 0.385653 0.446154 0.385653 0.448077 0.386364 0.449038
0 0.828835 0.623077 0.828125 0.622115 0.826705 0.622115 0.825284 0.620192 0.823864 0.620192 0.821733 0.617308 0.821733 0.615385 0.820312 0.613462 0.820312 0.611538 0.819602 0.610577
0 0.966619 0.792308 0.967330 0.793269 0.977273 0.793269 0.978693 0.795192 0.981534 0.795192
0 0.738636 0.987500 0.739347 0.986538 0.739347 0.984615 0.742898 0.979808 0.744318 0.979808 0.745739 0.977885 0.747159 0.977885 0.747869 0.976923
0 0.640625 0.181731 0.641335 0.180769 0.641335 0.178846 0.643466 0.175962 0.644886 0.175962 0.646307 0.174038 0.647727 0.174038 0.648438 0.173077 0.648438 0.171154
0 0.703125 0.764423 0.705966 0.760577 0.710227 0.760577 0.710938 0.759615
0 0.893466 0.685577 0.892756 0.686538 0.892756 0.688462 0.886364 0.697115 0.884943 0.697115 0.884233 0.698077
0 0.215909 0.420192 0.216619 0.419231 0.216619 0.417308 0.218040 0.415385 0.218040 0.413462 0.220170 0.410577 0.223011 0.410577 0.223722 0.409615
0 0.321023 0.749038 0.321733 0.748077 0.321733 0.746154 0.323864 0.743269 0.325284 0.743269 0.325994 0.742308
0 0.323864 0.147115 0.323153 0.148077 0.323153 0.150000 0.321733 0.151923 0.321733 0.153846 0.317472 0.159615
0 0.655540 0.823077 0.654830 0.822115 0.650568 0.822115 0.647017 0.817308 0.647017 0.815385 0.646307 0.814423
0 0.497869 0.915385 0.498580 0.916346 0.500000 0.916346 0.504972 0.923077 0.504972 0.925000 0.505682 0.925962
0 0.730824 0.682692 0.731534 0.683654 0.732955 0.683654 0.735085 0.686538 0.735085 0.688462 0.736506 0.690385 0.736506 0.692308 0.737216 0.693269
0 0.432528 0.359615 0.431818 0.358654 0.430398 0.358654 0.428977 0.356731 0.427557 0.356731 0.424716 0.352885
0 0.990767 0.019231 0.991477 0.020192 0.992898 0.020192 0.996449 0.025000 0.996449 0.026923 0.997159 0.027885
0 0.188920 0.620192 0.189631 0.619231 0.189631 0.617308 0.191051 0.615385 0.191051 0.613462 0.192472 0.611538 0.192472 0.609615 0.193892 0.607692
0 0.107244 0.103846 0.106534 0.102885 0.099432 0.102885 0.098011 0.100962 0.096591 0.100962 0.095170 0.099038 0.093750 0.099038
0 0.316051 0.946154 0.316761 0.947115 0.318182 0.947115 0.320312 0.950000 0.320312 0.951923 0.321733 0.953846 0.321733 0.959615 0.322443 0.960577
0 0.848722 0.803846 0.848011 0.802885 0.846591 0.802885 0.845170 0.800962 0.843750 0.800962 0.841619 0.798077 0.841619 0.794231 0.840909 0.793269
0 0.053267 0.469231 0.053977 0.470192 0.055398 0.470192 0.059659 0.475962
0 0.887784 0.620192 0.889915 0.617308 0.889915 0.615385 0.892045 0.612500 0.893466 0.612500 0.894886 0.610577 0.896307 0.610577 0.897017 0.609615
0 0.661222 0.176923 0.657670 0.172115 0.656250 0.172115 0.654830 0.170192 0.649148 0.170192 0.648438 0.169231 0.648438 0.163462 0.647727 0.162500
0 0.734375 0.377885 0.733665 0.378846 0.733665 0.380769 0.732244 0.382692 0.732244 0.384615 0.731534 0.385577 0.730114 0.385577 0.728693 0.387500 0.724432 0.387500 0.723722 0.388462
0 0.906960 0.623077 0.905540 0.621154 0.905540 0.619231 0.904119 0.617308 0.904119 0.615385 0.900568 0.610577
0 0.034801 0.492308 0.034091 0.491346 0.031250 0.491346 0.029119 0.488462 0.029119 0.486538 0.028409 0.485577
0 0.889205 0.706731 0.889915 0.705769 0.889915 0.703846 0.893466 0.699038 0.894886 0.699038 0.895597 0.698077
0 0.882812 0.980769 0.880682 0.977885 0.879261 0.977885 0.875710 0.973077 0.875710 0.971154 0.875000 0.970192
0 0.611506 0.888462 0.612216 0.889423 0.615057 0.889423 0.616477 0.891346 0.617898 0.891346 0.618608 0.892308 0.618608 0.898077 0.619318 0.899038
0 0.629261 0.810577 0.629972 0.809615 0.629972 0.805769 0.631392 0.803846 0.631392 0.801923 0.632102 0.800962 0.633523 0.800962 0.634233 0.800000
0 0.464489 0.185577 0.463778 0.186538 0.463778 0.192308 0.458807 0.199038 0.455966 0.199038 0.455256 0.200000
0 0.241477 0.545192 0.242188 0.544231 0.242188 0.540385 0.243608 0.538462 0.243608 0.536538 0.244318 0.535577 0.245739 0.535577 0.247159 0.533654 0.248580 0.533654 0.249290 0.532692
0 0.157670 0.462500 0.159091 0.460577 0.160511 0.460577 0.161932 0.458654 0.166193 0.458654 0.166903 0.457692
0 0.586648 0.260577 0.587358 0.259615 0.587358 0.257692 0.590909 0.252885 0.592330 0.252885 0.593040 0.251923
0 0.926136 0.647115 0.922585 0.651923 0.922585 0.659615 0.924716 0.662500 0.926136 0.662500
0 0.690341 0.975962 0.689631 0.976923 0.689631 0.980769 0.688210 0.982692 0.688210 0.984615 0.686790 0.986538 0.686790 0.990385
0 0.862926 0.571154 0.862926 0.569231 0.861506 0.567308 0.861506 0.563462 0.859375 0.560577
0 0.687500 0.985577 0.688210 0.984615 0.688210 0.982692 0.689631 0.980769 0.689631 0.976923 0.691761 0.974038 0.693182 0.974038 0.693892 0.973077
0 0.924716 0.620192 0.928267 0.615385 0.928267 0.613462 0.929688 0.611538 0.929688 0.607692
0 0.928977 0.612500 0.928267 0.613462 0.928267 0.615385 0.925426 0.619231
0 0.850852 0.566346 0.852273 0.564423 0.853693 0.564423 0.855824 0.561538
0 0.931818 0.650962 0.931108 0.651923 0.931108 0.661538
