0 0.088068 0.760577 0.102983 0.736538 0.090199 0.711538 0.095170 0.691346 0.110795 0.693269 0.117898 0.708654 0.134943 0.702885 0.158381 0.661538 0.157670 0.635577 0.187500 0.625962 0.212358 0.605769
0 0.360795 0.489423 0.358665 0.521154 0.348722 0.532692 0.344460 0.555769 0.321733 0.582692 0.322443 0.600962 0.268466 0.587500 0.253551 0.625000 0.230824 0.648077
0 0.891335 0.634615 0.921875 0.712500 0.941761 0.689423 0.953125 0.735577 0.962358 0.732692 0.968750 0.706731 0.982244 0.725000 0.983665 0.767308 0.972301 0.788462 0.972301 0.809615 0.998580 0.837500
0 0.381392 0.761538 0.358665 0.750000 0.355824 0.726923 0.340909 0.700962 0.301136 0.702885 0.272727 0.685577 0.232955 0.693269 0.228693 0.664423
0 0.857955 0.170192 0.871449 0.153846 0.877131 0.125000 0.893466 0.102885 0.900568 0.099038 0.910511 0.106731 0.914062 0.100000 0.911222 0.090385 0.921875 0.079808 0.960938 0.073077
0 0.406250 0.997115 0.424716 0.991346 0.436080 0.970192 0.442472 0.971154 0.447443 0.937500 0.454545 0.962500 0.482955 0.925962 0.502841 0.924038 0.549716 0.941346 0.556108 0.928846 0.547585 0.919231 0.568892 0.905769
0 0.467330 0.466346 0.448153 0.503846 0.445312 0.544231 0.421165 0.567308 0.416193 0.593269 0.401989 0.566346 0.380682 0.566346 0.371449 0.588462 0.376420 0.610577 0.333807 0.610577 0.324574 0.600000 0.322443 0.587500
0 0.652699 0.998077 0.647017 0.990385 0.642756 0.951923 0.634233 0.928846 0.619318 0.914423 0.613636 0.922115 0.603693 0.920192 0.589489 0.904808
0 0.446733 0.457692 0.408381 0.438462 0.392045 0.295192
0 0.411222 0.796154 0.458807 0.831731 0.462358 0.842308 0.476562 0.855769 0.480824 0.880769 0.477983 0.896154 0.469460 0.905769 0.481534 0.924038
0 0.423295 0.014423 0.407670 0.024038 0.393466 0.016346 0.382812 0.025000 0.399858 0.032692 0.397017 0.048077 0.375000 0.066346 0.364347 0.057692 0.341619 0.150000 0.330966 0.174038 0.313210 0.180769
0 0.595881 0.711538 0.637784 0.806731 0.708807 0.835577 0.705966 0.850962 0.682528 0.848077 0.747159 0.900962
0 0.161932 0.520192 0.118608 0.607692 0.135653 0.663462 0.129261 0.674038 0.103693 0.672115 0.090199 0.700000 0.088778 0.723077 0.061790 0.738462
0 0.369318 0.952885 0.381392 0.938462 0.388494 0.901923 0.384233 0.886538 0.377841 0.879808 0.363636 0.875962 0.357244 0.880769 0.351562 0.842308 0.364347 0.832692 0.346591 0.949038 0.356534 0.943269
0 0.482955 0.097115 0.469460 0.117308 0.460938 0.192308 0.460938 0.257692 0.449574 0.280769
0 0.215909 0.145192 0.219460 0.138462 0.220881 0.119231 0.228693 0.124038 0.236506 0.113462 0.239347 0.101923 0.235085 0.096154 0.238636 0.089423 0.244318 0.091346 0.264915 0.073077
0 0.568892 0.278846 0.605114 0.320192 0.620739 0.320192 0.625710 0.325000 0.618608 0.357692 0.637784 0.400962
0 0.216619 0.221154 0.225142 0.228846 0.235795 0.250962 0.247159 0.256731 0.269886 0.287500 0.284091 0.295192 0.298295 0.310577
0 0.634943 0.414423 0.638494 0.411538 0.639205 0.397115 0.660511 0.389423 0.676847 0.375000 0.683949 0.363462 0.686790 0.338462 0.691051 0.330769
0 0.154830 0.170192 0.171165 0.138462 0.178267 0.098077 0.189631 0.082692 0.191051 0.036538 0.182528 0.000000
0 0.576705 0.406731 0.571023 0.412500 0.562500 0.414423 0.556108 0.425000 0.554688 0.438462 0.560369 0.446154 0.553267 0.465385 0.544744 0.471154 0.549006 0.480769 0.529119 0.490385
0 0.774858 0.050000 0.786932 0.060577 0.796875 0.079808 0.808239 0.077885 0.832386 0.114423 0.840909 0.102885 0.857955 0.110577 0.866477 0.127885 0.876420 0.133654
0 0.497869 0.215385 0.489347 0.198077 0.487926 0.173077 0.495028 0.119231 0.495028 0.055769 0.484375 0.016346
0 0.882102 0.287500 0.904830 0.264423 0.920455 0.239423 0.934659 0.229808 0.948864 0.225962 0.980114 0.229808 0.989347 0.223077
0 0.583097 0.632692 0.577415 0.628846 0.566051 0.592308 0.553267 0.565385 0.546875 0.558654 0.528409 0.550962 0.524148 0.543269
0 0.142045 0.387500 0.140625 0.391346 0.126420 0.391346 0.122869 0.407692 0.113636 0.422115 0.089489 0.435577 0.082386 0.447115 0.073864 0.431731 0.063210 0.423077 0.058239 0.397115
0 0.779119 0.746154 0.801847 0.771154 0.814631 0.811538 0.821733 0.819231 0.828835 0.865385 0.857955 0.899038
0 0.283381 0.588462 0.298295 0.597115 0.325284 0.600962 0.333807 0.610577 0.376420 0.610577 0.382812 0.615385 0.384943 0.629808
0 0.088778 0.501923 0.063920 0.475962 0.073153 0.457692 0.089489 0.435577 0.102273 0.427885 0.098722 0.442308 0.090199 0.453846 0.091619 0.490385 0.094460 0.500000
0 0.135653 0.232692 0.151278 0.244231 0.164773 0.275962 0.166193 0.268269 0.184659 0.270192 0.208097 0.290385 0.198153 0.326923 0.213068 0.349038 0.225852 0.356731 0.244318 0.350962 0.254261 0.360577
0 0.273438 0.686538 0.280540 0.700000 0.274858 0.751923 0.290483 0.792308 0.303977 0.802885 0.311080 0.816346
0 0.882102 0.447115 0.877841 0.454808 0.867188 0.459615 0.860085 0.492308 0.860085 0.505769 0.867898 0.500962 0.871449 0.507692 0.860085 0.530769 0.858665 0.571154 0.861506 0.582692 0.857244 0.588462
0 0.491477 0.002885 0.427557 0.060577 0.415483 0.078846 0.414062 0.105769 0.408381 0.121154 0.399858 0.125000
0 0.545455 0.470192 0.553267 0.465385 0.560369 0.446154 0.554688 0.438462 0.556108 0.425000 0.562500 0.414423 0.573864 0.410577 0.578125 0.404808 0.584517 0.403846
0 0.396307 0.325962 0.392756 0.338462 0.371449 0.363462 0.354403 0.403846 0.344460 0.450000 0.351562 0.471154 0.341619 0.484615
0 0.039062 0.894231 0.045455 0.904808 0.052557 0.908654 0.061080 0.924038 0.072443 0.931731 0.083807 0.927885 0.092330 0.933654 0.109375 0.964423
0 0.156250 0.472115 0.151989 0.477885 0.130682 0.481731 0.112926 0.498077 0.108665 0.528846 0.114347 0.559615 0.110085 0.576923
0 0.280540 0.688462 0.294034 0.700962 0.330966 0.704808 0.340909 0.700962 0.355824 0.726923 0.357955 0.747115
0 0.312500 0.185577 0.319602 0.174038 0.324574 0.178846 0.325994 0.192308 0.330256 0.194231 0.330256 0.175000 0.344460 0.142308 0.354403 0.105769 0.355824 0.082692 0.365767 0.055769
0 0.259233 0.873077 0.264915 0.884615 0.267756 0.898077 0.269886 0.899038 0.276989 0.895192 0.286222 0.907692 0.291193 0.924038
0 0.575284 0.252885 0.562500 0.272115 0.544034 0.268269 0.540483 0.273077 0.539062 0.290385 0.528409 0.297115 0.524858 0.315385 0.512074 0.326923
0 0.639205 0.018269 0.621449 0.042308 0.618608 0.050000 0.620028 0.051923 0.618608 0.057692 0.620028 0.075000 0.618608 0.092308 0.615767 0.094231
0 0.702415 0.098077 0.710938 0.107692 0.713778 0.151923 0.737926 0.211538 0.764205 0.237500 0.784091 0.237500 0.789773 0.272115
0 0.833097 0.905769 0.840199 0.913462 0.845881 0.934615 0.837358 0.944231 0.850852 0.966346 0.865057 0.964423 0.879261 0.977885 0.926136 0.997115
0 0.401989 0.610577 0.418324 0.590385 0.421165 0.567308 0.426136 0.560577 0.468750 0.527885 0.482244 0.511538
0 0.041193 0.868269 0.038352 0.870192 0.032670 0.862500 0.026278 0.859615 0.036222 0.892308 0.024858 0.903846 0.026278 0.907692 0.019886 0.922115 0.011364 0.924038 0.006392 0.928846
0 0.458807 0.262500 0.462358 0.238462 0.460938 0.213462 0.468750 0.225962 0.474432 0.229808 0.477983 0.226923 0.485085 0.205769 0.489347 0.200000
0 0.723011 0.018269 0.720170 0.025962 0.701705 0.025962 0.687500 0.031731 0.664773 0.050962 0.648438 0.075000
0 0.458807 0.447115 0.472301 0.400000 0.473722 0.346154 0.482244 0.319231 0.490767 0.309615
0 0.739347 0.296154 0.718750 0.285577 0.710227 0.295192 0.700994 0.286538 0.702415 0.269231 0.695312 0.263462 0.690341 0.243269
0 0.362216 0.760577 0.359375 0.768269 0.341619 0.776923 0.351562 0.803846 0.351562 0.821154 0.323153 0.930769
0 0.026278 0.909615 0.034801 0.926923 0.037642 0.950000 0.050426 0.971154 0.056108 0.990385 0.062500 0.997115
0 0.261364 0.958654 0.267045 0.950962 0.274148 0.949038 0.279830 0.952885 0.284801 0.963462 0.289773 0.968269 0.296165 0.963462 0.296165 0.944231 0.302557 0.935577 0.307528 0.932692
0 0.690341 0.325962 0.703125 0.289423 0.711648 0.297115 0.750000 0.297115 0.767045 0.279808 0.785511 0.277885 0.790483 0.273077
0 0.738636 0.949038 0.740767 0.942308 0.748580 0.933654 0.768466 0.929808 0.775568 0.924038 0.792614 0.925962 0.808949 0.911538
0 0.585227 0.658654 0.579545 0.668269 0.552557 0.670192 0.525568 0.685577 0.497159 0.695192 0.485795 0.693269 0.480824 0.717308
0 0.571733 0.744231 0.565341 0.737500 0.559659 0.739423 0.552557 0.733654 0.539773 0.743269 0.530540 0.736538 0.534801 0.732692 0.532670 0.724038 0.514205 0.714423 0.498580 0.695192
0 0.996449 0.500000 0.991477 0.497115 0.982955 0.485577 0.975852 0.481731 0.968040 0.469231 0.964489 0.456731
0 0.411932 0.591346 0.411222 0.592308 0.411222 0.596154 0.409801 0.598077 0.409801 0.600000 0.406960 0.603846 0.406960 0.605769 0.403409 0.610577 0.401989 0.610577 0.400568 0.612500 0.396307 0.612500 0.395597 0.613462
0 0.154119 0.946154 0.154119 0.944231 0.147017 0.936538 0.148438 0.930769 0.154119 0.921154 0.145597 0.907692 0.142045 0.895192
0 0.149858 0.953846 0.146307 0.952885 0.144886 0.950962 0.142045 0.950962 0.134943 0.943269 0.133523 0.943269 0.127131 0.934615 0.125000 0.925962
