0 0.626420 0.164423 0.628551 0.151923 0.635653 0.140385 0.638494 0.096154 0.650568 0.085577 0.657670 0.083654 0.664062 0.075000
0 0.998580 0.225962 0.977983 0.257692 0.986506 0.282692 0.985085 0.321154 0.961648 0.337500 0.938920 0.308654 0.928977 0.308654 0.924006 0.326923 0.931108 0.334615 0.922585 0.340385 0.906960 0.396154
0 0.884233 0.669231 0.867898 0.656731 0.850852 0.629808 0.825284 0.614423 0.818892 0.601923 0.816761 0.589423
0 0.164062 0.813462 0.162642 0.790385 0.157670 0.781731 0.137784 0.781731 0.115057 0.802885 0.121449 0.767308 0.112216 0.754808 0.051136 0.760577
0 0.840199 0.719231 0.844460 0.723077 0.845881 0.746154 0.857955 0.764423 0.872159 0.772115 0.887784 0.770192 0.897727 0.775962 0.931818 0.772115 0.938920 0.793269
0 0.227983 0.525000 0.240057 0.527885 0.252841 0.539423 0.258523 0.529808 0.262784 0.529808 0.274858 0.553846 0.274858 0.561538 0.269176 0.565385 0.272017 0.578846 0.278409 0.587500 0.290483 0.592308 0.292614 0.608654
0 0.493608 0.761538 0.480114 0.749038 0.434659 0.733654 0.419034 0.731731 0.414773 0.725962
0 0.279119 0.750000 0.254261 0.743269 0.245739 0.725962 0.227273 0.725962 0.215909 0.733654 0.180398 0.725962 0.174006 0.701923 0.198153 0.675000 0.170455 0.650962
0 0.432528 0.115385 0.448153 0.126923 0.444602 0.135577 0.454545 0.133654 0.477273 0.152885 0.504261 0.118269 0.507812 0.132692 0.485085 0.161538 0.498580 0.191346 0.553977 0.193269 0.565341 0.185577 0.571023 0.191346
0 0.004972 0.321154 0.012784 0.331731 0.029830 0.337500 0.050426 0.378846 0.067472 0.405769 0.068182 0.418269
0 0.327415 0.167308 0.375000 0.199038 0.400568 0.204808 0.411222 0.217308 0.416193 0.235577
0 0.174716 0.410577 0.173295 0.424038 0.166193 0.424038 0.153409 0.414423 0.148438 0.419231 0.166903 0.426923 0.165483 0.436538 0.156960 0.442308 0.156250 0.464423 0.149148 0.462500 0.144886 0.450962 0.134943 0.447115 0.126420 0.460577 0.115767 0.465385
0 0.183239 0.887500 0.195312 0.855769 0.188210 0.848077 0.188210 0.832692 0.192472 0.819231 0.201705 0.804808 0.215909 0.804808 0.223722 0.776923 0.229403 0.773077
0 0.764915 0.400000 0.776989 0.404808 0.783381 0.417308 0.779119 0.426923 0.777699 0.451923 0.783381 0.476923 0.794034 0.500962
0 0.493608 0.496154 0.508523 0.508654 0.514205 0.508654 0.519886 0.499038 0.522727 0.499038 0.531250 0.512500 0.552557 0.518269 0.557528 0.528846 0.558239 0.547115
0 0.937500 0.245192 0.948153 0.209615 0.948153 0.188462 0.942472 0.159615 0.977983 0.140385
0 0.448864 0.118269 0.421875 0.106731 0.411932 0.089423 0.383523 0.085577 0.356534 0.091346 0.317472 0.123077
0 0.867188 0.694231 0.845170 0.672115 0.819602 0.681731 0.828835 0.659615 0.823864 0.650962 0.799716 0.647115 0.795455 0.633654 0.781960 0.625000 0.783381 0.603846 0.769886 0.595192 0.767045 0.585577
0 0.836648 0.264423 0.835938 0.275000 0.828835 0.280769 0.830256 0.296154 0.818892 0.307692 0.827415 0.328846 0.819602 0.347115 0.815341 0.347115 0.812500 0.341346 0.802557 0.343269 0.791903 0.365385
0 0.713778 0.450000 0.723722 0.463462 0.722301 0.467308 0.724432 0.472115 0.728693 0.472115 0.735795 0.485577 0.745739 0.491346 0.752131 0.500000 0.757102 0.520192
0 0.496449 0.803846 0.503551 0.813462 0.497869 0.834615 0.507812 0.886538 0.515625 0.885577 0.519886 0.875962 0.526989 0.885577
0 0.056818 0.485577 0.066051 0.457692 0.068892 0.428846 0.067472 0.398077 0.061790 0.386538 0.061790 0.369231 0.067472 0.355769 0.074574 0.350000
0 0.369318 0.879808 0.375000 0.868269 0.390625 0.868269 0.394176 0.861538 0.394176 0.813462 0.389915 0.801923 0.394886 0.797115 0.414773 0.800962 0.438210 0.765385
0 0.556818 0.731731 0.560369 0.725000 0.558949 0.711538 0.562500 0.704808 0.569602 0.702885 0.576705 0.708654 0.583807 0.708654 0.604403 0.694231
0 0.323153 0.309615 0.324574 0.334615 0.336648 0.352885 0.448864 0.375962
0 0.058949 0.500000 0.067472 0.503846 0.053267 0.582692 0.054688 0.603846 0.058949 0.609615 0.061790 0.628846 0.046165 0.634615
0 0.447443 0.381731 0.453125 0.374038 0.487216 0.370192 0.509943 0.343269 0.526989 0.333654 0.546165 0.313462
0 0.440341 0.449038 0.439631 0.457692 0.434659 0.464423 0.426136 0.466346 0.420455 0.458654 0.409091 0.456731 0.384233 0.475000
0 0.366477 0.485577 0.372159 0.474038 0.383523 0.475962 0.401989 0.460577 0.408381 0.457692
0 0.004972 0.013462 0.016335 0.026923 0.017756 0.040385 0.019176 0.042308 0.019176 0.057692 0.024148 0.072115
0 0.784801 0.850000 0.778409 0.849038 0.772727 0.845192 0.768466 0.837500 0.757102 0.829808 0.745739 0.831731 0.744318 0.833654 0.737216 0.829808
0 0.384943 0.012500 0.382102 0.016346 0.372159 0.022115 0.363636 0.033654 0.359375 0.035577 0.351562 0.051923 0.348011 0.056731 0.344460 0.057692
0 0.036932 0.706731 0.031250 0.712500 0.028409 0.712500 0.022727 0.706731 0.018466 0.706731 0.014205 0.710577 0.003551 0.738462
0 0.003551 0.242308 0.004261 0.243269 0.007102 0.243269 0.008523 0.245192 0.019886 0.245192 0.021307 0.249038
0 0.987216 0.981731 0.987926 0.980769 0.987926 0.965385 0.989347 0.963462 0.989347 0.961538 0.991477 0.958654 0.992898 0.958654 0.993608 0.957692
0 0.943182 0.325962 0.942472 0.326923 0.942472 0.328846 0.938920 0.333654 0.936080 0.333654 0.935369 0.334615
