0 0.718040 0.226923 0.705256 0.219231 0.695312 0.186538 0.700284 0.175962 0.708807 0.183654 0.725852 0.179808 0.732244 0.150000 0.718750 0.139423 0.698864 0.152885 0.682528 0.136538 0.694602 0.110577 0.671875 0.118269 0.661222 0.109615 0.668324 0.094231 0.664773 0.089423 0.634943 0.089423
0 0.670455 0.504808 0.681108 0.488462 0.682528 0.473077 0.676847 0.455769 0.691051 0.432692 0.688210 0.403846 0.692472 0.392308 0.705966 0.381731 0.718750 0.379808 0.723011 0.370192 0.733665 0.365385
0 0.228693 0.233654 0.233665 0.188462 0.241477 0.175962 0.250000 0.174038 0.285511 0.206731 0.313920 0.208654 0.325284 0.200962 0.345881 0.173077 0.341619 0.123077 0.346591 0.108654 0.354403 0.107692
0 0.832386 0.304808 0.843040 0.280769 0.867188 0.250000 0.880682 0.218269 0.924716 0.225962 0.952415 0.205769
0 0.195312 0.544231 0.208807 0.570192 0.218750 0.574038 0.247159 0.556731 0.255682 0.556731 0.267756 0.594231 0.281250 0.602885 0.291903 0.617308 0.295455 0.631731
0 0.453835 0.555769 0.443892 0.525000 0.455256 0.471154 0.448864 0.470192 0.431818 0.502885 0.426847 0.501923 0.431108 0.494231 0.427557 0.481731 0.416193 0.495192 0.412642 0.484615 0.425426 0.467308 0.424006 0.448077 0.404830 0.420192
0 0.519886 0.872115 0.505682 0.900962 0.478693 0.895192 0.453125 0.904808 0.446733 0.919231 0.450994 0.938462 0.447443 0.954808 0.440341 0.958654 0.426136 0.952885 0.411222 0.959615
0 0.544744 0.998077 0.556108 0.959615 0.544744 0.923077 0.562500 0.927885 0.570312 0.903846 0.555398 0.887500 0.544034 0.887500 0.535511 0.904808 0.515625 0.900962 0.510653 0.886538 0.522017 0.865385 0.495739 0.818269
0 0.539062 0.728846 0.558239 0.750962 0.572443 0.745192 0.599432 0.752885 0.613636 0.762500 0.623580 0.785577
0 0.406960 0.425000 0.424006 0.448077 0.411222 0.461538 0.425426 0.465385 0.408381 0.482692 0.416193 0.495192 0.429688 0.484615 0.424006 0.513462 0.441761 0.552885 0.460227 0.552885 0.470170 0.531731 0.494318 0.535577
0 0.620739 0.187500 0.615767 0.209615 0.600852 0.225962 0.572443 0.233654 0.561080 0.256731 0.524858 0.273077
0 0.115767 0.238462 0.077415 0.207692 0.094460 0.184615 0.077415 0.146154 0.087358 0.128846 0.045455 0.102885
0 0.129972 0.567308 0.115767 0.551923 0.110085 0.525000 0.119318 0.516346 0.129261 0.525962 0.153409 0.525962 0.165483 0.509615 0.168324 0.486538 0.147727 0.468269 0.106534 0.474038 0.102273 0.464423
0 0.631392 0.528846 0.596591 0.491346 0.565341 0.487500 0.548295 0.514423 0.511364 0.481731
0 0.079545 0.450962 0.058949 0.488462 0.045455 0.506731 0.036222 0.513462
0 0.998580 0.585577 0.978693 0.587500 0.968040 0.532692 0.936080 0.493269 0.919034 0.489423 0.781960 0.650000
0 0.799006 0.476923 0.793324 0.461538 0.796165 0.428846 0.793324 0.411538 0.781960 0.376923 0.761364 0.356731
0 0.281250 0.774038 0.272727 0.775962 0.252841 0.766346 0.234375 0.772115 0.227983 0.800000 0.198153 0.830769 0.199574 0.848077 0.181108 0.859615
0 0.471591 0.022115 0.465909 0.022115 0.456676 0.036538 0.465909 0.039423 0.468040 0.048077 0.446733 0.080769 0.443892 0.092308 0.465199 0.109615 0.465199 0.128846 0.458097 0.142308 0.494318 0.035577
0 0.362926 0.850000 0.364347 0.892308 0.357244 0.923077 0.362926 0.950000 0.352983 0.967308 0.348011 0.989423 0.353693 0.989423 0.361506 0.978846 0.362926 0.959615 0.372869 0.953846 0.384233 0.925000 0.392045 0.916346
0 0.856534 0.877885 0.848011 0.895192 0.823864 0.883654 0.812500 0.891346 0.800426 0.909615 0.799006 0.930769 0.828835 0.998077
0 0.526278 0.692308 0.522017 0.676923 0.508523 0.666346 0.487216 0.668269 0.474432 0.677885 0.445312 0.665385 0.437500 0.633654
0 0.906250 0.039423 0.893466 0.083654 0.870739 0.075962 0.837358 0.090385 0.831676 0.107692 0.835938 0.132692 0.821733 0.153846 0.846591 0.143269 0.851562 0.161538 0.836648 0.174038 0.818182 0.172115 0.803267 0.221154
0 0.047585 0.509615 0.054688 0.519231 0.056108 0.563462 0.053267 0.575000 0.061080 0.591346
0 0.510653 0.525000 0.514205 0.533654 0.532670 0.537500 0.541193 0.547115 0.549006 0.571154 0.564631 0.590385 0.564631 0.601923 0.580966 0.625962 0.599432 0.631731 0.603693 0.641346
0 0.154119 0.790385 0.158381 0.794231 0.155540 0.819231 0.158381 0.832692 0.173295 0.858654 0.186080 0.864423 0.191761 0.874038
0 0.723011 0.245192 0.734375 0.222115 0.742898 0.218269 0.757102 0.216346 0.764205 0.210577 0.769176 0.209615
0 0.075284 0.835577 0.073153 0.842308 0.063920 0.854808 0.038352 0.856731 0.026989 0.864423 0.022017 0.871154 0.019176 0.880769
0 0.051136 0.633654 0.054688 0.623077 0.062500 0.610577 0.079545 0.604808 0.089489 0.595192 0.098011 0.581731 0.101562 0.580769
0 0.144176 0.321154 0.156250 0.331731 0.159801 0.338462 0.165483 0.382692 0.173295 0.410577
0 0.017756 0.694231 0.031250 0.700962 0.039773 0.716346 0.048295 0.722115 0.058239 0.720192 0.082386 0.704808 0.093750 0.706731
0 0.845170 0.943269 0.853693 0.941346 0.858665 0.928846 0.850142 0.767308 0.855824 0.763462 0.799716 0.922115 0.812500 0.899038 0.823153 0.925000
0 0.683239 0.879808 0.693182 0.872115 0.706676 0.875000 0.713778 0.821154 0.717330 0.816346 0.723722 0.815385 0.725852 0.839423 0.739347 0.825000 0.750710 0.801923
0 0.948153 0.903846 0.936790 0.892308 0.950994 0.855769 0.948153 0.813462 0.943892 0.800000 0.936790 0.792308 0.933239 0.777885
0 0.851562 0.667308 0.900568 0.695192 0.897727 0.704808 0.870739 0.699038 0.870028 0.705769 0.879261 0.722115 0.910511 0.737500 0.920455 0.729808 0.933239 0.758654
0 0.717330 0.597115 0.682528 0.630769 0.678267 0.644231 0.676847 0.676923 0.686790 0.688462 0.688210 0.698077 0.674716 0.706731 0.668324 0.723077
0 0.156960 0.925000 0.140625 0.912500 0.117898 0.904808 0.086648 0.906731 0.083097 0.894231 0.085938 0.842308
0 0.855114 0.199038 0.854403 0.209615 0.840199 0.234615 0.837358 0.273077 0.841619 0.280769 0.835938 0.290385 0.831676 0.307692 0.825994 0.309615
0 0.875710 0.217308 0.869318 0.210577 0.854403 0.207692 0.855824 0.196154 0.861506 0.190385 0.838068 0.122115
0 0.853693 0.068269 0.845170 0.072115 0.833807 0.070192 0.828125 0.074038 0.818892 0.090385 0.814631 0.107692 0.806108 0.126923 0.797585 0.134615
0 0.002131 0.225000 0.012784 0.233654 0.025568 0.250962 0.032670 0.254808 0.036222 0.259615 0.039773 0.274038
0 0.600852 0.993269 0.604403 0.965385 0.610795 0.958654 0.640625 0.947115 0.654830 0.949038 0.661222 0.944231
0 0.838778 0.384615 0.824574 0.371154 0.805398 0.329808 0.791193 0.324038 0.772727 0.325962 0.769886 0.329808 0.764205 0.325962
0 0.743608 0.911538 0.750710 0.917308 0.754261 0.927885 0.764205 0.931731 0.775568 0.941346 0.779119 0.946154 0.781250 0.960577
0 0.042614 0.918269 0.045455 0.912500 0.068182 0.904808 0.071733 0.898077 0.075994 0.832692 0.068892 0.778846 0.075994 0.771154
0 0.300426 0.769231 0.313920 0.772115 0.319602 0.779808 0.328125 0.783654 0.346591 0.777885 0.351562 0.790385 0.353693 0.816346
0 0.512784 0.589423 0.506392 0.605769 0.495739 0.616346 0.484375 0.600962 0.468750 0.600962 0.414062 0.617308
0 0.117898 0.683654 0.107244 0.692308 0.105824 0.703846 0.102273 0.710577 0.095170 0.708654 0.092330 0.704808 0.082386 0.704808 0.067472 0.711538
0 0.303267 0.073077 0.300426 0.065385 0.300426 0.042308 0.303267 0.036538 0.296875 0.027885 0.281250 0.027885 0.275568 0.039423 0.267045 0.045192 0.259233 0.042308 0.258523 0.031731
0 0.666903 0.778846 0.683239 0.789423 0.750000 0.789423
0 0.125710 0.282692 0.133523 0.295192 0.156250 0.302885 0.169034 0.302885 0.178977 0.291346 0.185369 0.305769 0.188920 0.350962
0 0.021307 0.364423 0.024858 0.351923 0.030540 0.344231 0.030540 0.323077 0.031960 0.319231 0.036932 0.316346 0.046165 0.303846
0 0.365767 0.121154 0.358665 0.111538 0.347301 0.076923 0.335227 0.062500
0 0.717330 0.941346 0.708097 0.965385 0.692472 0.996154
0 0.196733 0.067308 0.170455 0.031731 0.159091 0.035577 0.153409 0.049038 0.144886 0.050962 0.137784 0.027885
0 0.699574 0.875000 0.688920 0.864423 0.651989 0.864423 0.642045 0.854808 0.632102 0.854808 0.629261 0.837500
0 0.194602 0.131731 0.195312 0.126923 0.199574 0.115385 0.203125 0.110577 0.214489 0.102885 0.218040 0.101923
0 0.278409 0.474038 0.276989 0.479808 0.257812 0.490385 0.252131 0.513462 0.252131 0.542308 0.247869 0.546154
0 0.062500 0.552885 0.067472 0.536538 0.080966 0.518269 0.093040 0.511538
0 0.698153 0.642308 0.700284 0.643269 0.704545 0.650962 0.717330 0.650962 0.718750 0.649038 0.724432 0.650962 0.727983 0.657692 0.727983 0.663462 0.730114 0.666346
0 0.187500 0.997115 0.191051 0.984615 0.196023 0.979808 0.204545 0.966346 0.216619 0.959615
0 0.973011 0.122115 0.970881 0.130769 0.941761 0.170192 0.935369 0.173077
0 0.254972 0.048077 0.241477 0.037500 0.230114 0.039423 0.221591 0.031731 0.217330 0.024038 0.211648 0.024038 0.207386 0.004808
0 0.681818 0.893269 0.679688 0.898077 0.678267 0.911538 0.672585 0.923077 0.672585 0.940385 0.671165 0.944231
0 0.848011 0.777885 0.843750 0.783654 0.823864 0.789423 0.767045 0.799038 0.763494 0.805769
0 0.402699 0.961538 0.406250 0.970192 0.414773 0.975962 0.427557 0.975962 0.447443 0.997115
0 0.459517 0.203846 0.458807 0.202885 0.454545 0.202885 0.453125 0.200962 0.448864 0.199038 0.445312 0.194231 0.445312 0.192308 0.442472 0.186538 0.442472 0.180769 0.441761 0.179808
0 0.696023 0.162500 0.698153 0.153846 0.704545 0.145192 0.705966 0.145192 0.710227 0.141346 0.714489 0.141346 0.715199 0.140385
0 0.691761 0.997115 0.703125 0.979808 0.720881 0.969231
0 0.692472 0.073077 0.693892 0.075000 0.693892 0.076923 0.696733 0.080769 0.696733 0.082692 0.704545 0.093269
