0 0.812500 0.033654 0.786222 0.094231 0.767756 0.117308 0.762074 0.184615 0.737216 0.202885 0.729403 0.221154 0.713778 0.234615
0 0.051136 0.408654 0.057528 0.375000 0.076705 0.339423 0.106534 0.352885 0.133523 0.343269 0.161932 0.343269 0.162642 0.355769 0.170455 0.358654 0.182528 0.332692
0 0.000000 0.764423 0.015625 0.747115 0.022017 0.751923 0.002131 0.778846 0.007102 0.816346 0.063920 0.847115 0.109375 0.833654 0.138494 0.796154 0.130682 0.783654 0.110795 0.797115 0.100142 0.786538 0.104403 0.765385 0.049006 0.694231 0.056108 0.678846
0 0.508523 0.216346 0.500000 0.241346 0.480114 0.235577 0.455966 0.249038 0.441051 0.269231 0.452415 0.286538 0.450994 0.328846 0.433239 0.331731 0.427557 0.312500 0.414062 0.353846 0.398438 0.365385
0 0.697443 0.535577 0.707386 0.506731 0.744318 0.493269 0.759233 0.476923 0.769886 0.456731 0.781960 0.448077
0 0.125000 0.906731 0.126420 0.891346 0.146307 0.885577 0.156250 0.893269 0.196023 0.847115 0.228693 0.843269 0.244318 0.827885 0.259943 0.831731 0.290483 0.811538
0 0.453835 0.367308 0.462358 0.401923 0.438210 0.423077 0.435369 0.463462 0.487216 0.512500 0.536932 0.541346 0.578125 0.631731
0 0.782670 0.295192 0.792614 0.287500 0.866477 0.285577 0.880682 0.245192 0.888494 0.251923 0.890625 0.279808 0.914773 0.283654 0.941051 0.259615 0.959517 0.221154
0 0.458807 0.204808 0.440341 0.193269 0.426136 0.189423 0.416193 0.193269 0.400568 0.168269 0.390625 0.166346 0.387074 0.175000 0.404119 0.225000 0.401278 0.259615 0.391335 0.276923
0 0.963778 0.550000 0.961648 0.545192 0.949574 0.538462 0.940341 0.516346 0.933949 0.515385 0.933949 0.511538 0.921165 0.492308 0.917614 0.481731
0 0.614347 0.596154 0.606534 0.585577 0.603693 0.593269 0.598722 0.590385 0.600142 0.582692 0.578835 0.519231 0.580256 0.505769 0.571733 0.490385 0.573153 0.465385 0.551136 0.429808
0 0.723722 0.732692 0.718040 0.728846 0.715199 0.709615 0.695312 0.661538 0.666193 0.633654 0.659091 0.614423
0 0.909091 0.947115 0.924716 0.943269 0.934659 0.933654 0.946023 0.931731 0.953835 0.915385 0.952415 0.888462 0.959517 0.882692
0 0.591619 0.757692 0.580256 0.751923 0.574574 0.721154 0.587358 0.696154 0.580966 0.683654 0.531250 0.685577 0.514205 0.695192 0.505682 0.693269
0 0.122159 0.547115 0.117188 0.561538 0.118608 0.567308 0.117188 0.576923 0.096591 0.608654 0.083097 0.617308
0 0.879261 0.583654 0.894176 0.573077 0.901278 0.553846 0.909801 0.544231 0.913352 0.527885 0.932528 0.517308
0 0.327415 0.113462 0.317472 0.101923 0.321733 0.067308 0.310369 0.030769 0.303977 0.027885 0.296875 0.033654 0.286932 0.033654 0.284091 0.020192 0.271307 0.016346
0 0.316051 0.867308 0.328835 0.875000 0.333097 0.905769 0.359375 0.935577 0.379261 0.939423 0.393466 0.933654 0.392756 0.913462 0.396307 0.908654 0.409091 0.912500 0.420455 0.904808 0.424716 0.916346
0 0.930398 0.083654 0.921165 0.096154 0.922585 0.107692 0.916903 0.121154 0.903409 0.131731 0.894886 0.129808 0.887784 0.114423 0.872159 0.116346 0.861506 0.130769 0.865767 0.151923 0.860085 0.159615
0 0.047585 0.059615 0.073864 0.097115 0.089489 0.095192 0.107955 0.075962 0.112926 0.086538 0.104403 0.096154 0.104403 0.109615 0.130682 0.129808 0.137074 0.128846 0.128551 0.119231 0.134943 0.116346 0.142045 0.129808 0.151278 0.132692 0.166193 0.168269
0 0.896307 0.706731 0.900568 0.702885 0.911932 0.702885 0.914062 0.700000 0.912642 0.686538 0.914773 0.679808 0.921875 0.674038 0.946023 0.668269 0.950994 0.655769 0.959517 0.648077
0 0.567472 0.457692 0.573153 0.465385 0.571733 0.496154 0.580256 0.505769 0.575994 0.532692 0.587358 0.542308 0.599432 0.581731
0 0.659801 0.800000 0.664062 0.805769 0.665483 0.867308 0.680398 0.879808 0.693182 0.883654 0.698153 0.894231 0.698864 0.904808
0 0.390625 0.474038 0.382812 0.484615 0.375710 0.503846 0.368608 0.536538 0.367188 0.565385 0.371449 0.580769 0.370028 0.590385
0 0.884233 0.551923 0.881392 0.540385 0.876420 0.531731 0.860795 0.525962 0.854403 0.515385 0.857244 0.509615 0.850142 0.500000 0.848011 0.489423
0 0.660511 0.535577 0.671165 0.528846 0.672585 0.509615 0.693892 0.457692 0.695312 0.425000 0.702415 0.417308
0 0.919034 0.210577 0.921165 0.207692 0.919744 0.198077 0.924006 0.192308 0.919744 0.148077 0.924006 0.136538 0.938920 0.118269 0.954545 0.120192 0.959517 0.117308
0 0.073864 0.495192 0.061790 0.517308 0.046165 0.534615 0.050426 0.550000 0.031250 0.560577 0.010653 0.586538 0.003551 0.601923
0 0.223011 0.002885 0.209517 0.025000 0.188920 0.049038 0.173295 0.049038 0.169744 0.051923
0 0.275568 0.649038 0.259233 0.665385 0.246449 0.694231 0.245028 0.707692 0.253551 0.721154 0.253551 0.734615 0.247159 0.743269 0.235795 0.741346 0.216619 0.765385 0.216619 0.780769 0.205256 0.788462
0 0.131392 0.034615 0.133523 0.037500 0.151989 0.041346 0.164062 0.051923 0.158381 0.075000 0.166193 0.099038
0 0.789773 0.597115 0.796875 0.585577 0.803977 0.581731 0.816761 0.589423 0.820312 0.582692 0.820312 0.573077 0.825284 0.566346 0.843750 0.560577 0.853693 0.547115 0.861506 0.546154
0 0.833807 0.937500 0.835938 0.934615 0.835227 0.918269 0.852273 0.908654 0.856534 0.908654 0.863636 0.916346 0.877841 0.912500 0.885653 0.901923 0.889915 0.888462 0.895597 0.882692
0 0.495739 0.025962 0.491477 0.035577 0.468040 0.051923 0.459517 0.071154 0.456676 0.094231 0.448153 0.111538
0 0.792614 0.356731 0.801136 0.349038 0.856534 0.349038 0.866477 0.341346 0.896307 0.341346 0.908381 0.323077
0 0.638494 0.753846 0.634233 0.751923 0.634233 0.742308 0.662642 0.713462 0.665483 0.690385 0.659801 0.671154 0.651989 0.658654 0.623580 0.645192
0 0.998580 0.043269 0.985795 0.039423 0.981534 0.043269 0.973011 0.045192 0.971591 0.047115 0.953835 0.050000
0 0.432528 0.563462 0.420455 0.560577 0.415483 0.555769 0.415483 0.542308 0.416903 0.538462 0.412642 0.528846 0.411932 0.524038
0 0.377841 0.274038 0.375000 0.281731 0.363636 0.275962 0.356534 0.275962 0.349432 0.281731 0.347301 0.286538 0.347301 0.296154 0.350142 0.300000 0.350142 0.303846 0.343750 0.314423 0.337358 0.317308
0 0.521307 0.862500 0.509943 0.868269 0.505682 0.881731 0.500000 0.881731 0.492898 0.864423 0.480114 0.860577 0.446023 0.887500 0.426847 0.911538
0 0.545455 0.589423 0.539773 0.604808 0.534801 0.603846 0.537642 0.584615 0.529830 0.589423 0.522017 0.603846 0.520597 0.615385 0.513494 0.625000
0 0.882102 0.006731 0.875710 0.032692 0.875710 0.038462 0.874290 0.040385 0.874290 0.055769 0.870028 0.063462
0 0.545455 0.058654 0.546165 0.057692 0.546165 0.053846 0.549716 0.047115 0.551136 0.047115 0.552557 0.045192 0.553977 0.045192 0.561080 0.039423 0.563920 0.039423 0.564631 0.038462
0 0.163352 0.345192 0.168324 0.332692 0.168324 0.323077 0.165483 0.317308 0.166903 0.309615 0.169744 0.307692 0.171165 0.292308 0.178267 0.286538
0 0.382102 0.995192 0.382812 0.990385 0.384233 0.988462 0.384233 0.976923 0.385653 0.975000 0.385653 0.969231 0.387074 0.967308 0.387074 0.959615 0.391335 0.953846
0 0.987216 0.129808 0.986506 0.130769 0.986506 0.132692 0.985085 0.134615 0.985085 0.136538 0.983665 0.138462 0.983665 0.140385 0.981534 0.143269 0.977273 0.143269 0.976562 0.144231
0 0.615057 0.527885 0.615767 0.526923 0.615767 0.525000 0.620739 0.518269 0.622159 0.518269 0.622869 0.517308
0 0.552557 0.581731 0.554688 0.578846 0.554688 0.576923 0.555398 0.575962 0.556818 0.575962 0.557528 0.575000
