0 0.593040 0.855769 0.534091 0.833654 0.523438 0.813462 0.539773 0.810577 0.541903 0.794231 0.511364 0.779808 0.506392 0.761538 0.492898 0.745192
0 0.177557 0.083654 0.167614 0.131731 0.147727 0.147115 0.129261 0.147115 0.096591 0.189423 0.089489 0.189423 0.084517 0.198077
0 0.634233 0.455769 0.640625 0.487500 0.650568 0.489423 0.663352 0.475962 0.672585 0.486538 0.682528 0.517308 0.678267 0.526923 0.678267 0.550000 0.700284 0.581731
0 0.737216 0.872115 0.732955 0.887500 0.714489 0.895192 0.704545 0.904808 0.693892 0.928846 0.678977 0.950962 0.671165 0.955769
0 0.041903 0.205769 0.060369 0.207692 0.058949 0.221154 0.091619 0.301923 0.105114 0.352885
0 0.768466 0.729808 0.696023 0.810577 0.627131 0.838462
0 0.360795 0.662500 0.338778 0.688462 0.338778 0.705769 0.354403 0.725000 0.343750 0.725962 0.326705 0.708654 0.311080 0.708654 0.281250 0.731731 0.274858 0.753846
0 0.862926 0.623077 0.884233 0.632692 0.892756 0.671154 0.887074 0.705769 0.895597 0.728846 0.914773 0.747115 0.929688 0.780769 0.946023 0.791346 0.950284 0.802885
0 0.447443 0.533654 0.442472 0.544231 0.441051 0.594231 0.419744 0.642308 0.405540 0.705769
0 0.051847 0.000000 0.056108 0.019231 0.043324 0.044231 0.041903 0.084615 0.047585 0.132692 0.063210 0.153846 0.063210 0.180769 0.071023 0.193269
0 0.676136 0.664423 0.686080 0.654808 0.697443 0.650962 0.704545 0.639423 0.715909 0.639423 0.724432 0.645192 0.727273 0.652885 0.732955 0.654808 0.742898 0.641346 0.752131 0.636538
0 0.407670 0.508654 0.438210 0.461538 0.433949 0.444231 0.444602 0.418269 0.451705 0.420192 0.470170 0.404808 0.485795 0.402885 0.516335 0.369231
0 0.575994 0.519231 0.565341 0.504808 0.526989 0.502885 0.514205 0.493269 0.510653 0.478846 0.491477 0.456731
0 0.656250 0.399038 0.641335 0.426923 0.655540 0.461538 0.647727 0.462500 0.643466 0.454808 0.616477 0.458654 0.612926 0.478846 0.597301 0.500000
0 0.335938 0.511538 0.330256 0.488462 0.311080 0.470192 0.289773 0.474038 0.265625 0.454808 0.225852 0.450962 0.217330 0.441346
0 0.561790 0.669231 0.561790 0.648077 0.544744 0.590385 0.507102 0.539423
0 0.345170 0.795192 0.357244 0.769231 0.361506 0.746154 0.355114 0.725962 0.369318 0.724038 0.371449 0.734615 0.389205 0.752885 0.397017 0.742308 0.404119 0.719231
0 0.355824 0.446154 0.319602 0.402885 0.301136 0.397115 0.257102 0.395192 0.248580 0.385577
0 0.653409 0.593269 0.652699 0.636538 0.644176 0.657692 0.645597 0.669231 0.578835 0.707692
0 0.270597 0.557692 0.274858 0.561538 0.274858 0.565385 0.272017 0.569231 0.272017 0.582692 0.276989 0.593269 0.281250 0.593269 0.289773 0.587500 0.291903 0.598077 0.299716 0.610577
0 0.995028 0.826923 0.977983 0.809615 0.975142 0.757692 0.955256 0.721154 0.959517 0.709615 0.949574 0.663462 0.899148 0.589423
0 0.410511 0.525962 0.408381 0.542308 0.394176 0.578846 0.384943 0.591346 0.365767 0.607692
0 0.228693 0.129808 0.206676 0.155769 0.193892 0.184615 0.189631 0.205769 0.188210 0.265385 0.183949 0.267308
0 0.357955 0.450962 0.361506 0.430769 0.366477 0.422115 0.383523 0.410577 0.416193 0.372115 0.424006 0.367308
0 0.476562 0.982692 0.465199 0.963462 0.465199 0.934615 0.455256 0.900000 0.443892 0.886538 0.439631 0.871154 0.431818 0.860577
0 0.438210 0.600000 0.436790 0.680769 0.443892 0.713462 0.463068 0.737500 0.509943 0.770192
0 0.478693 0.981731 0.502841 0.914423 0.514205 0.922115 0.541193 0.918269 0.573864 0.893269 0.591619 0.886538
0 0.654830 0.831731 0.707386 0.800962 0.730114 0.772115 0.750000 0.756731 0.772017 0.723077
0 0.079545 0.227885 0.085938 0.217308 0.085227 0.195192 0.096591 0.189423 0.129261 0.147115 0.147727 0.147115 0.169744 0.128846
0 0.866477 0.210577 0.865767 0.225000 0.857244 0.242308 0.858665 0.286538 0.848011 0.302885 0.823153 0.319231
0 0.968040 0.988462 0.938920 0.947115 0.921875 0.931731 0.907670 0.931731 0.890625 0.920192
0 0.415483 0.750000 0.428977 0.758654 0.446023 0.760577 0.481534 0.787500 0.500000 0.789423 0.517045 0.779808 0.541193 0.793269
0 0.501420 0.881731 0.508523 0.881731 0.510653 0.876923 0.503551 0.855769 0.505682 0.847115 0.517045 0.874038 0.524148 0.875962 0.530540 0.871154 0.533381 0.855769 0.523438 0.850000 0.530540 0.832692
0 0.106534 0.768269 0.114347 0.759615 0.111506 0.750000 0.117898 0.733654 0.130682 0.741346 0.177557 0.727885 0.184659 0.735577 0.191761 0.720192 0.205256 0.715385
0 0.512784 0.493269 0.486506 0.526923 0.486506 0.534615 0.492898 0.537500 0.497869 0.548077 0.487216 0.568269 0.481534 0.564423 0.476562 0.571154 0.480824 0.603846 0.476562 0.613462
0 0.044744 0.365385 0.062500 0.383654 0.074574 0.405769 0.092330 0.422115 0.103693 0.441346
0 0.039062 0.513462 0.051847 0.515385 0.060369 0.542308 0.068892 0.555769 0.064631 0.601923 0.085227 0.647115
0 0.115767 0.055769 0.100852 0.052885 0.093750 0.047115 0.083807 0.031731 0.059659 0.022115 0.052557 0.014423
0 0.203835 0.823077 0.196733 0.807692 0.200994 0.798077 0.196733 0.786538 0.202415 0.780769 0.200994 0.767308 0.215909 0.745192 0.236506 0.742308 0.213778 0.832692
0 0.919034 0.227885 0.912642 0.248077 0.897017 0.265385 0.891335 0.280769 0.891335 0.294231 0.896307 0.299038 0.901989 0.297115 0.906960 0.307692 0.906960 0.325000 0.902699 0.328846
0 0.686790 0.384615 0.700994 0.405769 0.706676 0.425000 0.715199 0.434615 0.715909 0.481731
0 0.799716 0.335577 0.800426 0.330769 0.813920 0.318269 0.823864 0.320192 0.848011 0.302885 0.855824 0.294231 0.860085 0.280769
0 0.450284 0.295192 0.409801 0.361538 0.411222 0.380769 0.374290 0.417308
0 0.338068 0.947115 0.355114 0.952885 0.371449 0.942308 0.371449 0.921154 0.380682 0.920192 0.388494 0.898077 0.394176 0.892308
0 0.367898 0.243269 0.360795 0.245192 0.357244 0.250000 0.342330 0.283654 0.330966 0.291346 0.318892 0.294231
0 0.009233 0.444231 0.025568 0.452885 0.039773 0.468269 0.055398 0.468269 0.062500 0.460577 0.072443 0.464423 0.078125 0.481731
0 0.838778 0.113462 0.850852 0.122115 0.883523 0.120192 0.889205 0.124038 0.908381 0.150000 0.916193 0.168269
0 0.150568 0.800962 0.137074 0.838462 0.138494 0.861538 0.137074 0.873077 0.128551 0.892308 0.128551 0.928846
0 0.327415 0.098077 0.275568 0.079808 0.255682 0.056731 0.249290 0.071154 0.257102 0.072115 0.260653 0.082692 0.250000 0.079808 0.238636 0.095192 0.227273 0.097115 0.220881 0.050000 0.198864 0.002885
0 0.101562 0.675000 0.095881 0.657692 0.084517 0.646154 0.075994 0.621154 0.065341 0.602885
0 0.178977 0.587500 0.188210 0.571154 0.188210 0.559615 0.197443 0.533654 0.205966 0.527885 0.232955 0.527885 0.253551 0.503846
0 0.765625 0.422115 0.759233 0.436538 0.756392 0.461538 0.750710 0.476923 0.759233 0.515385 0.750710 0.521154
0 0.224432 0.120192 0.232244 0.111538 0.296875 0.143269 0.348011 0.141346 0.351562 0.153846 0.345881 0.163462 0.352983 0.167308 0.348722 0.175000 0.357244 0.200000 0.291193 0.162500 0.251420 0.160577
0 0.347301 0.648077 0.339489 0.647115 0.312500 0.627885 0.301847 0.615385 0.291193 0.595192
0 0.830256 0.709615 0.821733 0.694231 0.823153 0.688462 0.817472 0.680769 0.825994 0.661538 0.824574 0.644231 0.808239 0.606731
0 0.664773 0.016346 0.659801 0.021154 0.658381 0.030769 0.651278 0.034615 0.645597 0.051923 0.634943 0.066346 0.608665 0.088462
0 0.093750 0.699038 0.118608 0.644231 0.101562 0.634615 0.109375 0.627885 0.123580 0.633654 0.127841 0.622115 0.140625 0.624038 0.159801 0.609615
0 0.266335 0.751923 0.274858 0.755769 0.274858 0.763462 0.281250 0.774038 0.296875 0.779808 0.309659 0.793269 0.332386 0.800962 0.345170 0.797115 0.344460 0.819231 0.349432 0.833654
0 0.229403 0.717308 0.220881 0.709615 0.208097 0.675000 0.197443 0.662500 0.184659 0.656731 0.161932 0.620192
0 0.757812 0.467308 0.769886 0.472115 0.785511 0.489423 0.795455 0.495192 0.803267 0.507692 0.808239 0.524038
0 0.147017 0.509615 0.154119 0.519231 0.156960 0.544231 0.162642 0.559615 0.162642 0.571154 0.177557 0.589423
0 0.862926 0.117308 0.826705 0.060577 0.810369 0.050000 0.806108 0.023077 0.779830 0.002885
0 0.527699 0.290385 0.536932 0.300962 0.557528 0.292308 0.557528 0.328846 0.554688 0.336538 0.554688 0.351923 0.561080 0.374038
0 0.401278 0.176923 0.396307 0.166346 0.390625 0.166346 0.387784 0.160577 0.376420 0.166346 0.360795 0.164423 0.354403 0.157692 0.348011 0.141346 0.336648 0.143269 0.332386 0.139423
0 0.289062 0.505769 0.301136 0.512500 0.322443 0.537500 0.329545 0.539423 0.336648 0.537500 0.339489 0.556731
0 0.262784 0.993269 0.275568 0.970192 0.294744 0.961538 0.293324 0.955769 0.316761 0.910577 0.352983 0.896154
0 0.286222 0.963462 0.284801 0.957692 0.290483 0.944231 0.289062 0.900000 0.279830 0.897115 0.269886 0.879808
0 0.055398 0.643269 0.052557 0.647115 0.035511 0.650962 0.021307 0.660577 0.017756 0.667308 0.013494 0.692308 0.006392 0.701923
0 0.880682 0.393269 0.906960 0.353846 0.921165 0.313462 0.943182 0.291346 0.962358 0.255769 0.985085 0.228846
0 0.929688 0.828846 0.931818 0.841346 0.946023 0.850962 0.960227 0.852885 0.970170 0.875962 0.995739 0.877885 0.998580 0.874038
0 0.936790 0.086538 0.943892 0.092308 0.939631 0.101923 0.943892 0.107692 0.938210 0.125000 0.941761 0.135577 0.957386 0.147115 0.978693 0.141346
0 0.390625 0.983654 0.404830 0.970192 0.431818 0.954808 0.446733 0.936538
0 0.907670 0.841346 0.906960 0.888462 0.904119 0.896154 0.889205 0.918269 0.879261 0.922115 0.872869 0.932692 0.872869 0.938462 0.868608 0.942308
0 0.198864 0.818269 0.171165 0.830769 0.174006 0.857692 0.167614 0.864423 0.160511 0.864423 0.148438 0.884615 0.151278 0.896154 0.133523 0.908654 0.128551 0.917308
0 0.208097 0.094231 0.203835 0.092308 0.202415 0.084615 0.185369 0.051923 0.177557 0.041346 0.164773 0.035577 0.161932 0.024038
0 0.091619 0.919231 0.094460 0.936538 0.109375 0.956731 0.139205 0.979808 0.151989 0.979808 0.156250 0.989423
0 0.561790 0.382692 0.571023 0.416346 0.563920 0.414423 0.514205 0.433654 0.502131 0.442308 0.541903 0.361538
0 0.286932 0.812500 0.273438 0.825000 0.266335 0.859615 0.244318 0.879808 0.240767 0.886538
0 0.698864 0.720192 0.694602 0.725962 0.674716 0.737500 0.659091 0.754808 0.653409 0.758654 0.641335 0.759615
0 0.558949 0.303846 0.563920 0.310577 0.569602 0.310577 0.583807 0.320192 0.589489 0.320192 0.602273 0.310577 0.617898 0.335577
0 0.884233 0.561538 0.883523 0.558654 0.879261 0.558654 0.869318 0.550962 0.861506 0.538462 0.864347 0.501923 0.857955 0.500962 0.855114 0.495192
0 0.331676 0.951923 0.350852 0.966346 0.360795 0.979808 0.383523 0.991346
0 0.861506 0.538462 0.869318 0.550962 0.879261 0.558654 0.884233 0.559615 0.888494 0.571154 0.890625 0.589423
0 0.338778 0.082692 0.333097 0.078846 0.316761 0.033654 0.301136 0.018269 0.274148 0.002885
0 0.163352 0.727885 0.169744 0.723077 0.176847 0.701923 0.176847 0.682692 0.174006 0.675000 0.178267 0.663462 0.182528 0.659615
0 0.026278 0.367308 0.019176 0.398077 0.022017 0.415385 0.034091 0.435577 0.061080 0.460577
0 0.577415 0.232692 0.584517 0.240385 0.587358 0.269231 0.597301 0.305769 0.600852 0.310577
0 0.748580 0.529808 0.711648 0.535577 0.691761 0.549038 0.685369 0.557692
0 0.963068 0.100962 0.968040 0.092308 0.969460 0.075000 0.973722 0.065385 0.973722 0.061538 0.980114 0.052885 0.985085 0.050000
0 0.357955 0.852885 0.350142 0.871154 0.348722 0.888462 0.342330 0.902885 0.320312 0.909615
0 0.384233 0.211538 0.379261 0.202885 0.372159 0.197115 0.366477 0.204808 0.360795 0.204808 0.357244 0.200000 0.355824 0.188462 0.349432 0.175962
0 0.339489 0.687500 0.340199 0.684615 0.345170 0.677885 0.355114 0.672115 0.362926 0.661538
0 0.230824 0.878846 0.234375 0.885577 0.239347 0.886538 0.240767 0.892308 0.249290 0.909615 0.257102 0.920192
0 0.963778 0.103846 0.965199 0.109615 0.967330 0.112500 0.981534 0.122115 0.986506 0.128846 0.987216 0.131731
0 0.404830 0.718269 0.404119 0.723077 0.402699 0.725000 0.397017 0.742308 0.394176 0.746154 0.394176 0.748077 0.389915 0.751923
0 0.180398 0.899038 0.181108 0.896154 0.192472 0.882692 0.198153 0.871154 0.202415 0.857692 0.206676 0.851923
0 0.372869 0.198077 0.379261 0.202885 0.384233 0.209615 0.381392 0.215385 0.381392 0.232692 0.387784 0.243269 0.393466 0.247115
0 0.382102 0.214423 0.383523 0.212500 0.384943 0.212500 0.386364 0.210577 0.387784 0.210577 0.389205 0.208654 0.390625 0.208654 0.392045 0.206731 0.393466 0.206731 0.394886 0.204808 0.396307 0.204808 0.397017 0.203846
0 0.219460 0.832692 0.225142 0.840385 0.225142 0.842308 0.227983 0.848077 0.227983 0.851923 0.229403 0.853846 0.229403 0.865385 0.230114 0.866346
0 0.562500 0.997115 0.565341 0.995192 0.577415 0.976923 0.584517 0.951923 0.590199 0.944231
0 0.028409 0.839423 0.024858 0.846154 0.024858 0.848077 0.018466 0.856731 0.011364 0.856731 0.007102 0.862500 0.002131 0.865385
