0 0.566761 0.445192 0.578835 0.432692 0.577415 0.423077 0.587358 0.401923 0.587358 0.390385 0.592330 0.383654 0.615057 0.383654 0.637074 0.371154
0 0.103693 0.764423 0.156960 0.765385 0.122869 0.607692 0.134943 0.625962 0.150568 0.618269 0.162642 0.571154 0.159801 0.548077 0.206676 0.513462
0 0.107244 0.573077 0.115767 0.584615 0.114347 0.596154 0.122869 0.603846 0.122869 0.634615 0.131392 0.651923 0.131392 0.669231 0.138494 0.675000 0.144176 0.692308 0.154830 0.758654
0 0.061790 0.832692 0.147727 0.862500 0.156250 0.902885
0 0.004972 0.440385 0.025568 0.454808 0.049716 0.489423 0.073864 0.500962 0.090909 0.531731
0 0.941761 0.450962 0.941051 0.465385 0.929688 0.476923 0.924006 0.505769 0.916193 0.497115 0.910511 0.499038 0.904119 0.509615 0.905540 0.519231 0.884233 0.538462
0 0.100142 0.765385 0.062500 0.741346 0.046875 0.747115 0.042614 0.739423 0.035511 0.749038 0.019886 0.750962 0.014205 0.743269 0.005682 0.743269 0.000000 0.725962
0 0.120739 0.235577 0.113636 0.262500 0.082386 0.283654 0.074574 0.284615
0 0.673295 0.899038 0.660511 0.908654 0.646307 0.895192 0.629261 0.897115 0.598722 0.923077 0.595881 0.950000
0 0.603693 0.800962 0.607244 0.794231 0.605824 0.792308 0.606534 0.770192 0.613636 0.770192 0.617898 0.762500 0.624290 0.757692 0.627841 0.749038 0.634943 0.754808 0.645597 0.748077
0 0.057528 0.748077 0.080966 0.752885 0.103693 0.768269 0.129261 0.777885 0.140625 0.793269
0 0.600852 0.347115 0.592330 0.349038 0.581676 0.359615 0.585938 0.376923 0.593040 0.382692 0.587358 0.390385 0.587358 0.401923 0.577415 0.423077 0.578835 0.432692 0.564631 0.448077
0 0.308239 0.245192 0.320312 0.228846 0.327415 0.178846 0.325994 0.165385 0.328125 0.158654 0.333097 0.157692
0 0.823864 0.793269 0.823153 0.798077 0.816761 0.802885 0.811790 0.811538 0.817472 0.826923 0.817472 0.832692 0.812500 0.839423 0.799716 0.837500 0.786932 0.841346 0.779119 0.851923
0 0.255682 0.456731 0.250000 0.468269 0.215909 0.508654 0.203125 0.514423 0.191051 0.525000
0 0.546165 0.861538 0.561790 0.898077 0.570312 0.903846 0.583097 0.940385 0.585227 0.966346
0 0.963068 0.179808 0.946733 0.198077 0.946733 0.205769 0.930398 0.227885 0.906250 0.247115 0.895597 0.267308
0 0.423295 0.768269 0.443892 0.738462 0.453835 0.715385 0.460938 0.688462 0.468040 0.682692
0 0.134233 0.625000 0.127131 0.615385 0.122869 0.603846 0.114347 0.596154 0.115767 0.584615 0.106534 0.572115
0 0.070312 0.350000 0.046875 0.322115 0.035511 0.316346 0.025568 0.316346 0.021307 0.310577 0.007102 0.314423 0.001420 0.304808
0 0.855824 0.459615 0.854403 0.453846 0.858665 0.440385 0.849432 0.439423 0.848722 0.430769 0.862216 0.418269 0.882102 0.412500 0.887074 0.400000 0.862216 0.379808 0.842330 0.383654 0.840909 0.379808
0 0.706676 0.098077 0.705256 0.094231 0.706676 0.090385 0.691051 0.076923 0.693892 0.061538 0.692472 0.050000 0.687500 0.047115 0.680398 0.054808 0.673295 0.052885
0 0.563920 0.179808 0.570312 0.173077 0.574574 0.159615 0.575994 0.136538 0.578835 0.126923 0.577415 0.113462 0.570312 0.096154 0.571733 0.092308
0 0.230824 0.044231 0.237216 0.047115 0.254972 0.069231 0.254972 0.075000 0.257102 0.077885 0.261364 0.077885 0.264915 0.080769 0.267045 0.089423
0 0.213068 0.829808 0.195312 0.863462 0.193892 0.880769 0.198153 0.901923 0.187500 0.902885 0.178977 0.897115 0.171875 0.897115 0.165483 0.907692
0 0.047585 0.982692 0.040483 0.973077 0.039062 0.938462 0.020597 0.892308 0.011364 0.885577
0 0.633523 0.360577 0.637784 0.358654 0.644176 0.350000 0.644176 0.334615 0.649858 0.325000 0.658381 0.300000 0.662642 0.294231
0 0.688210 0.596154 0.708807 0.610577 0.721591 0.610577 0.728693 0.599038 0.737216 0.599038 0.748580 0.622115 0.809659 0.624038
0 0.894886 0.947115 0.901278 0.886538 0.898438 0.836538 0.914062 0.825000 0.924006 0.786538
0 0.824574 0.392308 0.826705 0.395192 0.833807 0.399038 0.836648 0.402885 0.840909 0.404808 0.843750 0.408654 0.848011 0.410577 0.852273 0.418269
0 0.061790 0.600000 0.052557 0.591346 0.048295 0.591346 0.046875 0.589423 0.036932 0.591346 0.034091 0.593269 0.031250 0.599038 0.027699 0.600000
0 0.905540 0.530769 0.909801 0.534615 0.912642 0.553846 0.921165 0.575000 0.915483 0.588462 0.916903 0.619231 0.924716 0.635577
0 0.747869 0.396154 0.746449 0.386538 0.750710 0.378846 0.737926 0.359615 0.735085 0.346154 0.728693 0.337500
0 0.963778 0.294231 0.959517 0.288462 0.959517 0.280769 0.969460 0.257692 0.970881 0.244231 0.964489 0.231731 0.949574 0.221154 0.949574 0.213462 0.955256 0.209615 0.947443 0.200962
0 0.857955 0.443269 0.851562 0.463462 0.851562 0.488462 0.847301 0.498077 0.847301 0.505769 0.838778 0.519231 0.835938 0.542308 0.831676 0.544231
0 0.215199 0.569231 0.243608 0.611538 0.247869 0.625000 0.265625 0.649038
0 0.963778 0.034615 0.965199 0.036538 0.963778 0.042308 0.968040 0.053846 0.993608 0.088462 0.993608 0.096154 0.995739 0.099038
0 0.457386 0.643269 0.456676 0.648077 0.448864 0.656731 0.427557 0.668269 0.424716 0.675962 0.414062 0.680769
0 0.353693 0.704808 0.354403 0.698077 0.365767 0.686538 0.365767 0.669231 0.362216 0.662500 0.357244 0.659615 0.355824 0.653846 0.357244 0.642308 0.362926 0.638462
0 0.547585 0.832692 0.541903 0.825000 0.540483 0.817308 0.534801 0.805769 0.529119 0.786538 0.521307 0.779808
0 0.749290 0.738462 0.745739 0.737500 0.737216 0.724038 0.700284 0.704808 0.683239 0.704808 0.680398 0.699038
0 0.572443 0.754808 0.586648 0.747115 0.629261 0.685577 0.649148 0.670192 0.658381 0.651923
0 0.051847 0.069231 0.063920 0.079808 0.113636 0.093269 0.125000 0.100962
0 0.781250 0.474038 0.774858 0.482692 0.773438 0.488462 0.765625 0.497115 0.759943 0.495192 0.758523 0.497115 0.754261 0.497115 0.745028 0.503846
0 0.621449 0.038462 0.583807 0.024038 0.573864 0.024038 0.562500 0.033654 0.546875 0.025962 0.515625 0.037500
0 0.649148 0.122115 0.657670 0.104808 0.667614 0.097115 0.676136 0.095192 0.682528 0.084615 0.683949 0.053846 0.686790 0.048077
0 0.964489 0.495192 0.969460 0.488462 0.973722 0.476923 0.976562 0.457692 0.975142 0.438462 0.982244 0.421154
0 0.199574 0.790385 0.191761 0.789423 0.186080 0.785577 0.177557 0.768269 0.169034 0.766346 0.165483 0.761538 0.161932 0.750962
0 0.411222 0.626923 0.401278 0.596154 0.388494 0.576923 0.387074 0.571154 0.383523 0.568269
0 0.526278 0.450000 0.520597 0.430769 0.515625 0.424038 0.512784 0.424038 0.511364 0.422115 0.501420 0.424038 0.498580 0.422115 0.497159 0.418269
0 0.049006 0.884615 0.041903 0.871154 0.030540 0.838462 0.019886 0.825962 0.012784 0.822115 0.008523 0.812500
0 0.921165 0.576923 0.937500 0.595192 0.944602 0.595192 0.946023 0.593269 0.950284 0.595192 0.953835 0.600000 0.957386 0.612500
0 0.494318 0.014423 0.492188 0.026923 0.471591 0.035577 0.469460 0.038462 0.468040 0.050000 0.462358 0.057692
0 0.541903 0.851923 0.534091 0.839423 0.515625 0.825962 0.502841 0.827885 0.496449 0.819231 0.494318 0.806731
0 0.546875 0.145192 0.547585 0.138462 0.557528 0.109615 0.562500 0.102885 0.570312 0.098077
0 0.564631 0.819231 0.568182 0.827885 0.575284 0.827885 0.582386 0.820192 0.586648 0.822115 0.588778 0.830769 0.592330 0.831731 0.593750 0.835577 0.598722 0.838462 0.599432 0.858654
0 0.261364 0.724038 0.262074 0.676923 0.269886 0.664423 0.273438 0.663462
0 0.995028 0.088462 0.991477 0.087500 0.968040 0.053846 0.964489 0.043269
0 0.852983 0.426923 0.852983 0.419231 0.848011 0.410577 0.843750 0.408654 0.840909 0.404808 0.825284 0.393269
0 0.262074 0.219231 0.241477 0.204808 0.231534 0.189423
0 0.545455 0.583654 0.551136 0.581731 0.554688 0.576923 0.555398 0.572115 0.561080 0.575962 0.565341 0.575962 0.572443 0.581731 0.575994 0.576923 0.577415 0.555769 0.570312 0.542308 0.571733 0.540385
0 0.601562 0.348077 0.606534 0.349038 0.619318 0.358654 0.630682 0.360577 0.634233 0.363462 0.636364 0.370192
0 0.156250 0.525962 0.158381 0.517308 0.161222 0.513462 0.161222 0.507692 0.165483 0.500000 0.165483 0.498077 0.169034 0.493269 0.175426 0.488462
0 0.264205 0.672115 0.262074 0.676923 0.262074 0.723077 0.260653 0.725000 0.260653 0.728846
0 0.298295 0.166346 0.293324 0.171154 0.293324 0.175000 0.291903 0.176923 0.291903 0.184615 0.287642 0.196154 0.280540 0.203846
0 0.678267 0.546154 0.677557 0.545192 0.670455 0.545192 0.669034 0.543269 0.666193 0.543269 0.665483 0.542308 0.665483 0.540385 0.664062 0.538462 0.664062 0.532692 0.663352 0.531731
0 0.490057 0.295192 0.490767 0.294231 0.490767 0.290385 0.497159 0.281731 0.498580 0.281731 0.500000 0.279808 0.501420 0.279808 0.502131 0.278846
0 0.571733 0.580769 0.565341 0.575962 0.561080 0.575962 0.559659 0.574038 0.556818 0.574038 0.553977 0.572115 0.551847 0.563462 0.547585 0.557692 0.546875 0.554808
0 0.982955 0.668269 0.987926 0.663462 0.995028 0.636538 0.995028 0.617308 0.987926 0.598077 0.986506 0.578846 0.990057 0.572115 0.996449 0.569231
0 0.875000 0.029808 0.870028 0.034615 0.870028 0.040385 0.867898 0.041346 0.865767 0.046154 0.865767 0.053846 0.854403 0.063462
0 0.881392 0.030769 0.888494 0.040385 0.888494 0.042308 0.889915 0.044231 0.889915 0.048077 0.890625 0.049038
0 0.982955 0.739423 0.983665 0.736538 0.990057 0.729808 0.992898 0.729808 0.994318 0.731731 0.997869 0.730769 0.995028 0.723077 0.995028 0.717308 0.993608 0.715385 0.993608 0.709615 0.996449 0.703846
0 0.558949 0.888462 0.554688 0.882692 0.549006 0.865385 0.543324 0.855769 0.543324 0.840385 0.540483 0.834615 0.539773 0.825962
0 0.155540 0.575000 0.152699 0.559615 0.145597 0.550000 0.139205 0.531731
0 0.296165 0.798077 0.296875 0.799038 0.299716 0.799038 0.304688 0.805769 0.304688 0.807692 0.305398 0.808654
0 0.543324 0.551923 0.544034 0.552885 0.545455 0.552885 0.547585 0.555769 0.547585 0.557692 0.551847 0.563462 0.551847 0.565385 0.553267 0.567308 0.553267 0.571154 0.553977 0.572115
0 0.272017 0.796154 0.271307 0.795192 0.269886 0.795192 0.265625 0.789423 0.264205 0.791346 0.261364 0.791346 0.259943 0.793269 0.258523 0.793269 0.254261 0.785577
