0 0.512784 0.831731 0.503551 0.871154 0.492898 0.879808 0.481534 0.875962 0.473722 0.886538 0.477983 0.915385 0.468040 0.944231 0.436080 0.975962 0.423295 0.954808 0.411932 0.962500 0.398438 0.998077
0 0.651989 0.464423 0.647727 0.477885 0.625710 0.484615 0.647727 0.502885 0.669744 0.480769 0.649858 0.571154 0.659801 0.594231 0.652699 0.609615 0.679688 0.630769 0.637784 0.649038 0.613636 0.645192 0.594460 0.661538 0.628551 0.463462
0 0.817472 0.692308 0.825994 0.701923 0.824574 0.725000 0.836648 0.756731 0.860795 0.760577 0.865767 0.730769 0.880682 0.720192 0.920455 0.739423 0.912642 0.803846 0.934659 0.791346 0.948864 0.829808
0 0.835227 0.358654 0.852273 0.360577 0.864347 0.336538 0.868608 0.300000 0.873580 0.293269 0.884943 0.306731 0.909091 0.299038 0.920455 0.310577 0.931818 0.312500 0.938210 0.292308
0 0.453835 0.451923 0.409091 0.445192 0.386364 0.449038 0.379972 0.438462 0.382812 0.417308 0.370028 0.394231 0.359375 0.331731
0 0.565341 0.595192 0.522017 0.650000 0.463778 0.751923 0.467330 0.760577 0.475852 0.747115 0.501420 0.745192 0.519176 0.771154 0.502841 0.808654 0.450994 0.828846
0 0.242188 0.294231 0.239347 0.315385 0.249290 0.317308 0.250710 0.332692 0.240767 0.338462 0.236506 0.355769 0.249290 0.392308 0.234375 0.391346 0.227273 0.406731 0.204545 0.414423 0.188920 0.400962 0.183949 0.413462 0.204545 0.429808 0.220170 0.424038 0.217330 0.437500 0.252841 0.456731 0.261364 0.472115
0 0.203835 0.665385 0.187500 0.662500 0.166193 0.643269 0.133523 0.645192 0.123580 0.656731 0.109375 0.654808 0.095881 0.619231 0.066761 0.595192
0 0.549716 0.308654 0.567472 0.290385 0.573153 0.275000 0.573153 0.251923 0.580256 0.240385 0.578835 0.225000 0.588068 0.204808 0.596591 0.208654 0.602273 0.225962 0.601562 0.207692 0.607244 0.203846
0 0.308949 0.213462 0.282670 0.195192 0.270597 0.176923 0.276278 0.151923 0.259943 0.120192 0.243608 0.123077 0.247869 0.148077 0.236506 0.188462 0.239347 0.196154 0.214489 0.212500 0.207386 0.206731
0 0.285511 0.839423 0.252841 0.868269 0.229403 0.915385 0.219460 0.951923 0.220881 0.990385 0.212358 0.998077
0 0.942472 0.153846 0.930398 0.156731 0.909091 0.131731 0.890625 0.129808 0.865767 0.151923 0.862216 0.187500 0.854403 0.096154 0.845881 0.067308 0.884233 0.053846 0.950284 0.131731
0 0.457386 0.464423 0.453835 0.467308 0.450994 0.488462 0.450994 0.521154 0.435369 0.536538 0.443182 0.539423 0.453125 0.533654 0.453835 0.544231 0.449574 0.557692 0.433949 0.576923 0.431108 0.592308
0 0.520597 0.613462 0.514915 0.611538 0.512074 0.600000 0.522017 0.559615 0.512074 0.538462 0.518466 0.529808 0.526989 0.535577 0.531960 0.530769 0.531250 0.508654 0.498580 0.508654 0.447443 0.537500 0.436080 0.537500
0 0.208807 0.210577 0.178267 0.244231 0.158381 0.286538 0.147017 0.296154 0.144886 0.308654 0.134943 0.314423 0.119318 0.300962 0.098011 0.295192 0.089489 0.310577 0.077415 0.315385
0 0.455256 0.736538 0.450994 0.713462 0.458097 0.700000 0.458097 0.682692 0.451705 0.658654 0.442472 0.671154 0.442472 0.692308 0.432528 0.700000 0.421875 0.722115 0.404830 0.695192 0.387784 0.697115 0.383523 0.708654 0.370739 0.712500 0.360085 0.701923 0.357955 0.685577
0 0.420455 0.287500 0.394886 0.295192 0.384943 0.320192 0.366477 0.314423 0.360085 0.319231 0.357955 0.331731 0.336648 0.329808 0.321733 0.361538 0.317472 0.392308 0.307528 0.403846
0 0.836648 0.058654 0.830256 0.075000 0.834517 0.101923 0.824574 0.136538 0.825994 0.151923 0.794034 0.160577 0.788352 0.170192 0.774858 0.175000
0 0.107955 0.141346 0.098722 0.155769 0.101562 0.176923 0.087358 0.194231 0.084517 0.209615 0.071733 0.230769 0.070312 0.244231 0.078835 0.257692 0.077415 0.261538 0.056108 0.271154
0 0.122869 0.848077 0.113636 0.843269 0.102273 0.847115 0.092330 0.829808 0.083807 0.829808 0.072443 0.822115 0.070312 0.815385 0.077415 0.796154 0.077415 0.786538 0.073153 0.775000 0.065341 0.770192
0 0.611506 0.380769 0.623580 0.414423 0.634943 0.408654 0.637074 0.392308 0.644886 0.385577 0.656250 0.391346 0.662642 0.411538 0.674716 0.424038 0.681108 0.423077 0.683949 0.403846 0.690341 0.399038 0.708807 0.404808 0.711648 0.410577
0 0.507102 0.210577 0.503551 0.225000 0.490057 0.245192 0.478693 0.245192 0.471591 0.224038 0.458807 0.222115 0.435369 0.255769 0.424006 0.288462
0 0.993608 0.326923 0.970881 0.296154 0.966619 0.282692 0.969460 0.269231 0.963068 0.268269 0.959517 0.259615 0.968040 0.230769 0.946023 0.222115 0.943182 0.216346
0 0.653409 0.608654 0.661222 0.592308 0.656960 0.573077 0.670455 0.560577 0.681818 0.564423 0.689631 0.553846 0.689631 0.528846 0.681818 0.516346 0.659801 0.515385 0.669744 0.498077 0.672585 0.475000
0 0.443892 0.169231 0.431818 0.156731 0.411932 0.156731 0.383523 0.114423 0.367188 0.101923 0.365057 0.091346
0 0.050426 0.600000 0.086648 0.618269 0.087358 0.626923 0.069602 0.622115 0.063920 0.631731 0.049716 0.627885 0.041903 0.648077 0.044744 0.684615 0.056818 0.702885 0.095170 0.691346
0 0.389915 0.223077 0.375710 0.201923 0.379972 0.182692 0.368608 0.148077 0.352273 0.122115 0.326705 0.095192 0.341619 0.092308
0 0.062500 0.966346 0.063210 0.948077 0.074574 0.919231 0.093040 0.903846 0.101562 0.871154 0.114347 0.861538
0 0.271307 0.064423 0.281250 0.047115 0.292614 0.058654 0.296165 0.051923 0.296165 0.044231 0.291903 0.026923 0.296875 0.020192 0.325994 0.000000
0 0.352983 0.609615 0.329545 0.593269 0.325994 0.582692 0.327415 0.573077 0.335227 0.568269 0.344460 0.550000 0.345881 0.525000 0.334517 0.478846 0.323864 0.466346
0 0.307528 0.998077 0.303267 0.984615 0.288352 0.966346 0.271307 0.956731 0.264205 0.949038 0.255682 0.949038 0.251420 0.933654
0 0.772017 0.932692 0.777699 0.953846 0.786932 0.962500 0.818182 0.962500 0.833807 0.952885 0.838068 0.952885 0.839489 0.956731
0 0.582386 0.156731 0.575284 0.168269 0.561080 0.160577 0.550426 0.173077 0.547585 0.182692 0.553267 0.184615 0.553267 0.192308 0.539773 0.214423 0.533381 0.217308 0.533381 0.228846 0.529119 0.232692
0 0.457386 0.000962 0.449574 0.021154 0.436080 0.039423 0.413352 0.056731 0.394886 0.064423 0.367898 0.060577 0.364347 0.065385
0 0.253551 0.090385 0.240057 0.079808 0.235795 0.081731 0.227273 0.077885 0.225852 0.074038 0.217330 0.075962 0.208097 0.059615 0.204545 0.043269
0 0.432528 0.594231 0.431818 0.604808 0.419034 0.604808 0.386364 0.618269 0.358665 0.642308 0.352983 0.663462 0.388494 0.567308 0.419034 0.593269
0 0.654119 0.175000 0.639205 0.168269 0.623580 0.174038 0.620028 0.169231 0.621449 0.148077 0.602273 0.120192 0.589489 0.120192 0.576705 0.135577 0.561080 0.118269
0 0.461648 0.610577 0.446023 0.631731 0.420455 0.635577 0.401989 0.649038 0.386364 0.652885 0.370028 0.663462
0 0.836648 0.222115 0.840909 0.206731 0.852273 0.214423 0.855824 0.207692 0.852983 0.148077 0.844460 0.111538 0.843040 0.073077
0 0.838068 0.693269 0.842330 0.687500 0.853693 0.685577 0.884943 0.656731 0.945312 0.628846
0 0.051847 0.203846 0.043324 0.194231 0.033381 0.161538 0.025568 0.149038 0.011364 0.145192 0.000000 0.156731
0 0.838778 0.065385 0.844460 0.082692 0.844460 0.111538 0.850142 0.125000 0.855114 0.197115
0 0.946023 0.118269 0.948153 0.113462 0.948153 0.103846 0.951705 0.099038 0.960227 0.093269 0.967330 0.093269 0.968040 0.090385 0.970881 0.088462
0 0.325284 0.000962 0.290483 0.026923 0.296165 0.044231 0.292614 0.058654 0.282670 0.047115 0.272727 0.045192 0.256392 0.059615
0 0.483665 0.653846 0.473722 0.642308 0.475142 0.619231 0.467330 0.606731 0.450284 0.602885 0.446023 0.606731 0.433239 0.606731
0 0.007812 0.000000 0.009233 0.001923 0.010653 0.011538 0.013494 0.017308 0.013494 0.030769 0.016335 0.038462 0.024148 0.049038
0 0.115057 0.997115 0.120739 0.989423 0.128551 0.982692 0.128551 0.975000 0.129972 0.971154 0.136364 0.966346 0.144176 0.951923
0 0.976562 0.042308 0.971591 0.039423 0.968040 0.034615 0.968040 0.032692 0.955256 0.015385 0.952415 0.005769 0.950284 0.004808
0 0.468750 0.000962 0.459517 0.011538 0.456676 0.032692 0.448153 0.053846 0.442472 0.059615 0.435369 0.076923 0.426847 0.084615
0 0.981534 0.060577 0.982244 0.046154 0.986506 0.036538 0.986506 0.032692 0.992188 0.023077 0.992188 0.021154 0.997869 0.015385
0 0.022727 0.229808 0.022017 0.234615 0.017756 0.240385 0.014915 0.248077 0.006392 0.257692 0.000710 0.276923
0 0.957386 0.997115 0.969460 0.963462 0.969460 0.959615 0.970881 0.957692 0.969460 0.953846 0.969460 0.946154 0.972301 0.944231
0 0.925426 0.950000 0.926847 0.951923 0.926847 0.957692 0.928267 0.959615 0.928267 0.969231 0.928977 0.970192
0 0.003551 0.163462 0.005682 0.166346 0.007102 0.166346 0.008523 0.164423 0.012074 0.173077 0.012074 0.180769 0.010653 0.182692 0.010653 0.190385 0.012074 0.192308 0.012784 0.197115
0 0.165483 0.532692 0.162642 0.528846 0.162642 0.519231 0.160511 0.516346 0.157670 0.516346 0.153409 0.512500
0 0.912642 0.009615 0.910511 0.006731 0.909091 0.006731 0.907670 0.004808 0.906250 0.004808 0.904830 0.002885
0 0.728693 0.002885 0.724432 0.008654 0.721591 0.008654 0.720881 0.009615
