0 0.880682 0.452885 0.881392 0.430769 0.884233 0.421154 0.897727 0.404808 0.905540 0.400000
0 0.937500 0.831731 0.943892 0.819231 0.945312 0.803846 0.948153 0.800000 0.949574 0.792308 0.960227 0.777885 0.963778 0.776923
0 0.262074 0.226923 0.259233 0.217308 0.254972 0.213462 0.253551 0.207692 0.247869 0.200000 0.246449 0.196154 0.246449 0.190385 0.244318 0.185577
0 0.279830 0.510577 0.272017 0.528846 0.264205 0.535577 0.257102 0.535577 0.252841 0.539423 0.232244 0.540385
0 0.479403 0.394231 0.487216 0.395192 0.488636 0.397115 0.492898 0.397115 0.494318 0.399038 0.500000 0.399038 0.510653 0.409615 0.510653 0.415385 0.512784 0.420192
0 0.786222 0.603846 0.779830 0.593269 0.775568 0.591346 0.763494 0.575000 0.767756 0.567308 0.767756 0.550000 0.765625 0.547115 0.762784 0.547115
0 0.071733 0.382692 0.078835 0.392308 0.080256 0.407692 0.087358 0.425000 0.092330 0.429808 0.099432 0.431731 0.102273 0.437500
0 0.419034 0.560577 0.410511 0.566346 0.408381 0.569231 0.406960 0.575000 0.403409 0.579808 0.389915 0.580769
0 0.301847 0.278846 0.325284 0.279808 0.328835 0.290385 0.326705 0.293269 0.316761 0.295192 0.316051 0.298077 0.323864 0.304808 0.330966 0.304808 0.336648 0.314423
0 0.458097 0.851923 0.461648 0.854808 0.470170 0.856731 0.473011 0.860577 0.478693 0.864423 0.483665 0.871154 0.487216 0.879808
0 0.679688 0.276923 0.677557 0.275962 0.672585 0.269231 0.671165 0.263462 0.668324 0.259615 0.668324 0.251923 0.663352 0.239423
0 0.628551 0.605769 0.646307 0.612500 0.654119 0.634615 0.656250 0.637500 0.661932 0.637500 0.667614 0.643269 0.671875 0.652885
0 0.409091 0.714423 0.420455 0.706731 0.431818 0.689423 0.438210 0.686538
0 0.585938 0.411538 0.589489 0.414423 0.592330 0.414423 0.597301 0.421154 0.597301 0.423077 0.600142 0.426923 0.600142 0.428846 0.605824 0.436538 0.606534 0.439423
0 0.832386 0.043269 0.833097 0.038462 0.837358 0.030769 0.837358 0.026923 0.843040 0.013462 0.845170 0.010577 0.850852 0.010577 0.854403 0.007692
0 0.958807 0.449038 0.962358 0.438462 0.997869 0.390385
0 0.117188 0.523077 0.116477 0.516346 0.113636 0.516346 0.107955 0.522115 0.102273 0.518269 0.097301 0.507692 0.096591 0.497115
0 0.339489 0.120192 0.337358 0.125000 0.337358 0.128846 0.335938 0.132692 0.333807 0.135577 0.330966 0.135577 0.325284 0.139423 0.318892 0.150000
0 0.767045 0.562500 0.764915 0.569231 0.760653 0.573077 0.760653 0.576923 0.756392 0.588462 0.756392 0.594231 0.754972 0.598077 0.747869 0.601923
0 0.727983 0.950000 0.724432 0.945192 0.718750 0.941346 0.715909 0.941346 0.713068 0.937500 0.711648 0.937500 0.705966 0.929808 0.704545 0.929808 0.700284 0.922115
0 0.083807 0.883654 0.083097 0.884615 0.083097 0.888462 0.081676 0.890385 0.081676 0.894231 0.079545 0.897115 0.078125 0.897115 0.073864 0.900962 0.068182 0.900962 0.067472 0.901923
0 0.319602 0.506731 0.323864 0.502885 0.328835 0.501923 0.323153 0.488462 0.323153 0.480769 0.324574 0.476923 0.328125 0.472115 0.330256 0.471154
0 0.968040 0.421154 0.965909 0.418269 0.958807 0.414423 0.955966 0.410577 0.944602 0.402885 0.938920 0.402885 0.937500 0.400962
0 0.132102 0.262500 0.135653 0.255769 0.135653 0.251923 0.138494 0.244231 0.140625 0.243269 0.142756 0.238462 0.142756 0.232692 0.152699 0.226923
0 0.588778 0.746154 0.589489 0.749038 0.593750 0.750962 0.600142 0.759615 0.600142 0.763462 0.601562 0.765385 0.601562 0.769231 0.602273 0.770192
0 0.696733 0.905769 0.699574 0.909615 0.699574 0.921154 0.700994 0.925000 0.711648 0.937500 0.714489 0.939423
0 0.634233 0.292308 0.642045 0.297115 0.648438 0.303846 0.651278 0.313462 0.655540 0.317308 0.657670 0.325962
0 0.269176 0.905769 0.271307 0.910577 0.278409 0.914423 0.281960 0.919231 0.281960 0.923077 0.284801 0.928846 0.284801 0.936538 0.286222 0.938462 0.286932 0.958654
0 0.938210 0.823077 0.933239 0.822115 0.926136 0.816346 0.919034 0.816346 0.916193 0.818269 0.910511 0.814423 0.905540 0.807692 0.901989 0.799038
0 0.069602 0.037500 0.068892 0.040385 0.064631 0.046154 0.060369 0.057692 0.053977 0.066346 0.049006 0.069231
0 0.139915 0.488462 0.159801 0.507692 0.161222 0.511538 0.161932 0.529808
0 0.691761 0.966346 0.697443 0.970192 0.701705 0.970192 0.705256 0.961538 0.705256 0.957692 0.706676 0.953846 0.715199 0.944231
0 0.320312 0.800000 0.316761 0.793269 0.306818 0.785577 0.296875 0.787500 0.296165 0.780769 0.293324 0.778846 0.293324 0.775000 0.294744 0.773077 0.292614 0.768269
0 0.508523 0.599038 0.510653 0.594231 0.510653 0.586538 0.512784 0.583654 0.514205 0.583654 0.515625 0.581731 0.522727 0.581731 0.526989 0.577885 0.530540 0.576923
0 0.267045 0.827885 0.266335 0.830769 0.259943 0.839423 0.258523 0.839423 0.257102 0.841346 0.255682 0.841346 0.254261 0.839423 0.251420 0.839423 0.250000 0.841346 0.247159 0.841346 0.245739 0.843269 0.244318 0.843269 0.242188 0.846154
0 0.252841 0.783654 0.254972 0.778846 0.254972 0.763462 0.256392 0.759615 0.264205 0.752885 0.273438 0.751923
0 0.784801 0.121154 0.790483 0.126923 0.790483 0.130769 0.791903 0.132692 0.791903 0.136538 0.793324 0.138462 0.793324 0.144231 0.794744 0.146154 0.794744 0.150000 0.795455 0.150962
0 0.182528 0.405769 0.187500 0.410577 0.197443 0.416346 0.199574 0.419231 0.200994 0.425000 0.207386 0.433654
0 0.474432 0.547115 0.479403 0.540385 0.479403 0.536538 0.481534 0.531731 0.488636 0.527885 0.491477 0.524038 0.493608 0.523077
0 0.617188 0.934615 0.621449 0.940385 0.621449 0.942308 0.624290 0.946154 0.624290 0.948077 0.627131 0.951923 0.627131 0.957692 0.627841 0.958654
0 0.927557 0.524038 0.933239 0.516346 0.934659 0.516346 0.936080 0.514423 0.937500 0.514423 0.938920 0.512500 0.940341 0.512500 0.941051 0.511538
0 0.672585 0.819231 0.671875 0.818269 0.670455 0.818269 0.669034 0.816346 0.667614 0.816346 0.666193 0.814423 0.663352 0.814423 0.658381 0.807692 0.658381 0.801923 0.657670 0.800962
0 0.254972 0.234615 0.254972 0.236538 0.258523 0.239423 0.264205 0.239423 0.265625 0.241346 0.267045 0.241346 0.269176 0.244231 0.269176 0.246154 0.272017 0.251923 0.272017 0.257692 0.272727 0.258654
0 0.092330 0.575962 0.093040 0.575000 0.093040 0.573077 0.096591 0.568269 0.098011 0.568269 0.099432 0.566346 0.100852 0.566346 0.105114 0.562500 0.107955 0.562500 0.108665 0.561538
0 0.718750 0.677885 0.710938 0.688462 0.709517 0.694231 0.705256 0.700000 0.705256 0.707692 0.702415 0.713462
0 0.563210 0.225000 0.558239 0.224038 0.553267 0.219231 0.551847 0.215385 0.551847 0.205769 0.554688 0.201923 0.546875 0.191346 0.545455 0.191346
0 0.319602 0.812500 0.317472 0.815385 0.317472 0.821154 0.316051 0.823077 0.316051 0.825000 0.312500 0.829808 0.311080 0.829808 0.308949 0.832692 0.308949 0.834615
0 0.781960 0.486538 0.782670 0.487500 0.784091 0.487500 0.786222 0.490385 0.786222 0.492308 0.789773 0.497115 0.791193 0.497115 0.796165 0.503846 0.796165 0.505769 0.796875 0.506731
0 0.186080 0.937500 0.186790 0.936538 0.186790 0.926923 0.188210 0.925000 0.188210 0.919231 0.198864 0.910577 0.203125 0.910577 0.203835 0.909615
0 0.593040 0.240385 0.589489 0.235577 0.588068 0.235577 0.586648 0.233654 0.582386 0.231731 0.579545 0.227885 0.578125 0.227885 0.574574 0.223077 0.573864 0.220192
0 0.993608 0.342308 0.988636 0.339423 0.984375 0.333654 0.982955 0.333654 0.975852 0.327885 0.973011 0.327885 0.970170 0.320192
0 0.174006 0.698077 0.176136 0.699038 0.180398 0.704808 0.188920 0.704808 0.191761 0.706731 0.196733 0.713462 0.200284 0.724038
0 0.945312 0.403846 0.947443 0.404808 0.953125 0.412500 0.965909 0.418269 0.967330 0.424038
0 0.896307 0.074038 0.895597 0.075000 0.895597 0.078846 0.892045 0.085577 0.890625 0.085577 0.889205 0.087500 0.883523 0.087500 0.882102 0.089423 0.875000 0.089423 0.874290 0.090385
0 0.563210 0.171154 0.559659 0.168269 0.551136 0.168269 0.549006 0.165385 0.549006 0.153846 0.546875 0.149038
0 0.584517 0.150000 0.597301 0.169231 0.598722 0.173077 0.598722 0.176923 0.600142 0.178846 0.600852 0.185577
0 0.272727 0.981731 0.273438 0.978846 0.278409 0.972115 0.282670 0.970192 0.285511 0.966346 0.286932 0.966346 0.289773 0.962500 0.291903 0.961538
0 0.561790 0.238462 0.562500 0.239423 0.568182 0.239423 0.568892 0.240385 0.568892 0.251923 0.570312 0.253846 0.570312 0.255769 0.572443 0.258654
0 0.995739 0.502885 0.995028 0.503846 0.995028 0.507692 0.993608 0.509615 0.993608 0.511538 0.990767 0.515385 0.990767 0.517308 0.990057 0.518269 0.988636 0.518269 0.987926 0.519231
0 0.517756 0.801923 0.517756 0.803846 0.518466 0.804808 0.524148 0.804808 0.524858 0.805769 0.524858 0.807692 0.526278 0.809615 0.526278 0.811538 0.529119 0.815385 0.529119 0.819231 0.529830 0.820192
0 0.458097 0.053846 0.457386 0.052885 0.455966 0.052885 0.454545 0.050962 0.453125 0.050962 0.448153 0.044231 0.448153 0.042308 0.447443 0.041346
0 0.437500 0.581731 0.435369 0.584615 0.435369 0.588462 0.433949 0.590385 0.433949 0.592308 0.429688 0.598077
0 0.973011 0.008654 0.972301 0.009615 0.972301 0.011538 0.970881 0.013462 0.970881 0.015385 0.961648 0.027885 0.960227 0.027885 0.959517 0.028846
0 0.857244 0.057692 0.857955 0.058654 0.859375 0.058654 0.860795 0.060577 0.862216 0.060577 0.863636 0.062500 0.865057 0.062500 0.867188 0.065385 0.867188 0.067308 0.868608 0.069231 0.868608 0.071154 0.869318 0.072115
0 0.181108 0.201923 0.180398 0.200962 0.173295 0.200962 0.171875 0.199038 0.167614 0.197115 0.164773 0.193269 0.163352 0.193269 0.161932 0.189423
0 0.764915 0.271154 0.764205 0.270192 0.755682 0.270192 0.754261 0.268269 0.750000 0.266346 0.747869 0.263462 0.747869 0.261538 0.746449 0.259615 0.745739 0.256731
0 0.196023 0.004808 0.182528 0.023077 0.182528 0.025000 0.178267 0.034615
0 0.585938 0.382692 0.590199 0.388462 0.590199 0.390385 0.593040 0.394231 0.593040 0.396154 0.594460 0.398077 0.594460 0.401923 0.595170 0.402885
0 0.762074 0.307692 0.761364 0.306731 0.758523 0.306731 0.756392 0.303846 0.756392 0.301923 0.754972 0.300000 0.754972 0.288462 0.754261 0.287500
0 0.178267 0.238462 0.171875 0.229808 0.170455 0.229808 0.168324 0.226923 0.168324 0.225000 0.166903 0.223077 0.166903 0.219231 0.164773 0.216346
0 0.647017 0.613462 0.640625 0.608654 0.637784 0.608654 0.636364 0.606731 0.629261 0.606731 0.627841 0.604808 0.626420 0.604808 0.620739 0.597115
0 0.578835 0.228846 0.579545 0.229808 0.580966 0.229808 0.582386 0.231731 0.583807 0.231731 0.585227 0.233654 0.586648 0.233654 0.588068 0.235577 0.589489 0.235577 0.592330 0.239423
0 0.608665 0.623077 0.610085 0.625000 0.610085 0.626923 0.611506 0.628846 0.611506 0.630769 0.612926 0.632692 0.612926 0.634615 0.614347 0.636538 0.614347 0.638462 0.620739 0.647115
0 0.352983 0.486538 0.349432 0.481731 0.348011 0.481731 0.346591 0.479808 0.345170 0.479808 0.342330 0.475962 0.340909 0.475962
0 0.162642 0.215385 0.166903 0.221154 0.166903 0.223077 0.168324 0.225000 0.168324 0.226923 0.170455 0.229808 0.171875 0.229808 0.176136 0.235577
0 0.558239 0.658654 0.559659 0.656731 0.562500 0.656731 0.563210 0.655769 0.563210 0.653846 0.563920 0.652885 0.565341 0.652885 0.567472 0.650000 0.567472 0.648077 0.570312 0.646154
0 0.571023 0.643269 0.570312 0.644231 0.570312 0.646154 0.569602 0.647115 0.568182 0.647115 0.567472 0.648077 0.567472 0.650000 0.565341 0.652885 0.563920 0.652885 0.562500 0.656731 0.559659 0.656731 0.557528 0.659615
0 0.110085 0.667308 0.109375 0.666346 0.107955 0.666346 0.106534 0.664423 0.105114 0.664423 0.102983 0.661538 0.102983 0.659615 0.102273 0.658654
0 0.547585 0.696154 0.546875 0.695192 0.545455 0.695192 0.544744 0.694231 0.544744 0.692308 0.544034 0.691346
